Page fault sequence	Invalid page reference	Global ordering
------------------------------------------------------------
						( 0, 0 )
( 0, 0 )
						( 0, 0 )
						( 0, 0 )
						( 0, 0 )
						( 0, 0 )
						( 0, 0 )
						( 0, 0 )
						( 0, 0 )
						( 0, 0 )
						( 1, 0 )
( 1, 0 )
						( 1, 0 )
						( 1, 0 )
						( 2, 0 )
( 2, 0 )
						( 2, 0 )
						( 2, 0 )
						( 2, 0 )
						( 2, 0 )
						( 2, 0 )
						( 3, 1 )
( 3, 1 )
						( 3, 1 )
						( 3, 2 )
( 3, 2 )
						( 3, 2 )
						( 3, 2 )
						( 3, 2 )
						( 3, 2 )
						( 3, 1 )
						( 3, 0 )
( 3, 0 )
						( 3, 0 )
						( 3, 1 )
						( 3, 0 )
						( 3, 0 )
						( 3, 0 )
						( 3, 0 )
						( 3, 2 )
						( 3, 0 )
						( 3, 2 )
			( 3, 5 )
						( 4, 5 )
( 4, 5 )
						( 4, 5 )
						( 4, 2 )
( 4, 2 )
						( 4, 2 )
						( 4, 5 )
						( 4, 2 )
						( 4, 4 )
( 4, 4 )
						( 4, 4 )
						( 4, 0 )
( 4, 0 )
						( 4, 0 )
						( 4, 4 )
						( 4, 0 )
						( 4, 3 )
( 4, 3 )
						( 4, 3 )
						( 4, 3 )
						( 4, 0 )
						( 4, 5 )
( 4, 5 )
						( 4, 5 )
						( 4, 3 )
						( 4, 5 )
						( 4, 0 )
						( 4, 3 )
						( 4, 0 )
						( 4, 5 )
						( 4, 1 )
( 4, 1 )
						( 4, 1 )
						( 4, 5 )
						( 4, 3 )
( 4, 3 )
						( 4, 3 )
						( 5, 5 )
( 5, 5 )
						( 5, 5 )
						( 5, 5 )
						( 5, 2 )
( 5, 2 )
						( 5, 2 )
						( 5, 4 )
( 5, 4 )
						( 5, 4 )
						( 5, 3 )
( 5, 3 )
						( 5, 3 )
						( 5, 7 )
( 5, 7 )
						( 5, 7 )
						( 5, 3 )
						( 5, 0 )
( 5, 0 )
						( 5, 0 )
						( 5, 0 )
						( 5, 6 )
( 5, 6 )
						( 5, 6 )
			( 5, 9 )
						( 6, 1 )
( 6, 1 )
						( 6, 1 )
						( 6, 0 )
( 6, 0 )
						( 6, 0 )
						( 6, 0 )
						( 6, 0 )
						( 6, 0 )
						( 6, 0 )
						( 6, 1 )
						( 6, 1 )
						( 6, 0 )
						( 6, 1 )
						( 6, 1 )
						( 7, 5 )
( 7, 5 )
						( 7, 5 )
						( 7, 4 )
( 7, 4 )
						( 7, 4 )
						( 7, 4 )
						( 7, 1 )
( 7, 1 )
						( 7, 1 )
			( 7, 8 )
						( 8, 4 )
( 8, 4 )
						( 8, 4 )
						( 8, 0 )
( 8, 0 )
						( 8, 0 )
						( 8, 4 )
						( 8, 0 )
						( 8, 3 )
( 8, 3 )
						( 8, 3 )
						( 8, 3 )
						( 8, 0 )
						( 8, 5 )
( 8, 5 )
						( 8, 5 )
						( 8, 3 )
						( 8, 5 )
						( 8, 0 )
						( 8, 3 )
						( 8, 0 )
						( 8, 5 )
						( 8, 1 )
( 8, 1 )
						( 8, 1 )
						( 8, 4 )
( 8, 4 )
						( 8, 4 )
			( 8, 9 )
						( 9, 4 )
( 9, 4 )
						( 9, 4 )
						( 9, 1 )
( 9, 1 )
						( 9, 1 )
						( 9, 1 )
			( 9, 8 )
						( 10, 1 )
( 10, 1 )
						( 10, 1 )
						( 10, 1 )
						( 10, 1 )
						( 10, 1 )
						( 10, 3 )
( 10, 3 )
						( 10, 3 )
			( 10, 9 )
						( 11, 1 )
( 11, 1 )
						( 11, 1 )
			( 11, 9 )
						( 12, 3 )
( 12, 3 )
						( 12, 3 )
						( 12, 3 )
						( 12, 0 )
( 12, 0 )
						( 12, 0 )
						( 12, 4 )
( 12, 4 )
						( 12, 4 )
						( 12, 4 )
						( 12, 4 )
						( 12, 4 )
						( 12, 3 )
						( 12, 4 )
						( 12, 5 )
( 12, 5 )
						( 12, 5 )
						( 12, 0 )
( 12, 0 )
						( 12, 0 )
						( 12, 5 )
						( 12, 1 )
( 12, 1 )
						( 12, 1 )
						( 12, 4 )
( 12, 4 )
						( 12, 4 )
						( 12, 6 )
( 12, 6 )
						( 12, 6 )
						( 12, 6 )
						( 12, 2 )
( 12, 2 )
						( 12, 2 )
						( 12, 3 )
( 12, 3 )
						( 12, 3 )
			( 12, 9 )
						( 13, 3 )
( 13, 3 )
						( 13, 3 )
						( 13, 0 )
( 13, 0 )
						( 13, 0 )
						( 13, 4 )
( 13, 4 )
						( 13, 4 )
						( 13, 4 )
						( 13, 4 )
						( 13, 4 )
						( 13, 3 )
						( 13, 4 )
						( 13, 5 )
( 13, 5 )
						( 13, 5 )
			( 13, 9 )
						( 14, 0 )
( 14, 0 )
						( 14, 0 )
						( 14, 1 )
( 14, 1 )
						( 14, 1 )
						( 14, 1 )
						( 14, 1 )
						( 14, 0 )
						( 14, 1 )
						( 14, 0 )
						( 14, 1 )
						( 14, 1 )
						( 14, 0 )
						( 15, 1 )
( 15, 1 )
						( 15, 1 )
						( 15, 1 )
						( 15, 1 )
						( 15, 0 )
( 15, 0 )
						( 15, 0 )
						( 15, 1 )
						( 15, 0 )
						( 15, 1 )
						( 15, 1 )
						( 16, 3 )
( 16, 3 )
						( 16, 3 )
						( 16, 2 )
( 16, 2 )
						( 16, 2 )
						( 16, 0 )
( 16, 0 )
						( 16, 0 )
						( 16, 0 )
						( 16, 0 )
						( 16, 5 )
( 16, 5 )
						( 16, 5 )
						( 16, 4 )
( 16, 4 )
						( 16, 4 )
						( 16, 1 )
( 16, 1 )
						( 16, 1 )
						( 16, 6 )
( 16, 6 )
						( 16, 6 )
			( 16, 9 )
						( 17, 5 )
( 17, 5 )
						( 17, 5 )
						( 17, 0 )
( 17, 0 )
						( 17, 0 )
						( 17, 1 )
( 17, 1 )
						( 17, 1 )
						( 17, 0 )
						( 17, 3 )
( 17, 3 )
						( 17, 3 )
						( 17, 3 )
						( 17, 8 )
( 17, 8 )
						( 17, 8 )
						( 17, 1 )
( 17, 1 )
						( 17, 1 )
						( 17, 7 )
( 17, 7 )
						( 17, 7 )
						( 17, 5 )
( 17, 5 )
						( 17, 5 )
						( 17, 9 )
( 17, 9 )
						( 17, 9 )
						( 17, 4 )
( 17, 4 )
						( 17, 4 )
						( 17, 7 )
( 17, 7 )
						( 17, 7 )
						( 17, 9 )
						( 17, 6 )
( 17, 6 )
						( 17, 6 )
						( 17, 2 )
( 17, 2 )
						( 17, 2 )
						( 17, 7 )
( 17, 7 )
						( 17, 7 )
						( 17, 5 )
( 17, 5 )
						( 17, 5 )
						( 17, 3 )
( 17, 3 )
						( 17, 3 )
						( 17, 5 )
						( 17, 2 )
( 17, 2 )
						( 17, 2 )
						( 17, 9 )
( 17, 9 )
						( 17, 9 )
						( 17, 9 )
						( 17, 0 )
( 17, 0 )
						( 17, 0 )
						( 17, 8 )
( 17, 8 )
						( 17, 8 )
						( 17, 5 )
( 17, 5 )
						( 17, 5 )
						( 17, 1 )
( 17, 1 )
						( 17, 1 )
						( 17, 1 )
						( 17, 5 )
						( 17, 3 )
( 17, 3 )
						( 17, 3 )
						( 17, 0 )
( 17, 0 )
						( 17, 0 )
						( 17, 3 )
						( 17, 5 )
						( 17, 3 )
						( 17, 3 )
						( 17, 8 )
( 17, 8 )
						( 17, 8 )
						( 17, 6 )
( 17, 6 )
						( 17, 6 )
						( 17, 4 )
( 17, 4 )
						( 17, 4 )
						( 17, 9 )
( 17, 9 )
						( 17, 9 )
						( 17, 5 )
( 17, 5 )
						( 17, 5 )
						( 17, 1 )
( 17, 1 )
						( 17, 1 )
						( 17, 0 )
( 17, 0 )
						( 17, 0 )
						( 17, 9 )
( 17, 9 )
						( 17, 9 )
						( 17, 8 )
( 17, 8 )
						( 17, 8 )
						( 17, 2 )
( 17, 2 )
						( 17, 2 )
						( 17, 6 )
( 17, 6 )
						( 17, 6 )
						( 17, 2 )
						( 17, 9 )
( 17, 9 )
						( 17, 9 )
						( 17, 1 )
( 17, 1 )
						( 17, 1 )
						( 17, 8 )
( 17, 8 )
						( 17, 8 )
						( 17, 4 )
( 17, 4 )
						( 17, 4 )
						( 17, 5 )
( 17, 5 )
						( 17, 5 )
						( 17, 9 )
( 17, 9 )
						( 17, 9 )
						( 17, 7 )
( 17, 7 )
						( 17, 7 )
						( 17, 6 )
( 17, 6 )
						( 17, 6 )
						( 17, 9 )
						( 17, 2 )
( 17, 2 )
						( 17, 2 )
						( 17, 9 )
						( 17, 1 )
( 17, 1 )
						( 17, 1 )
						( 18, 0 )
( 18, 0 )
						( 18, 0 )
						( 18, 3 )
( 18, 3 )
						( 18, 3 )
						( 18, 0 )
						( 18, 3 )
						( 18, 3 )
						( 18, 8 )
( 18, 8 )
						( 18, 8 )
						( 18, 1 )
( 18, 1 )
						( 18, 1 )
						( 18, 7 )
( 18, 7 )
						( 18, 7 )
						( 18, 5 )
( 18, 5 )
						( 18, 5 )
						( 18, 9 )
( 18, 9 )
						( 18, 9 )
						( 18, 4 )
( 18, 4 )
						( 18, 4 )
						( 18, 7 )
( 18, 7 )
						( 18, 7 )
						( 18, 9 )
						( 18, 9 )
						( 18, 2 )
( 18, 2 )
						( 18, 2 )
						( 18, 7 )
						( 18, 5 )
( 18, 5 )
						( 18, 5 )
						( 18, 3 )
( 18, 3 )
						( 18, 3 )
						( 18, 5 )
						( 18, 2 )
( 18, 2 )
						( 18, 2 )
						( 18, 1 )
( 18, 1 )
						( 18, 1 )
						( 18, 9 )
( 18, 9 )
						( 18, 9 )
						( 18, 0 )
( 18, 0 )
						( 18, 0 )
						( 18, 8 )
( 18, 8 )
						( 18, 8 )
						( 18, 5 )
( 18, 5 )
						( 18, 5 )
						( 18, 1 )
( 18, 1 )
						( 18, 1 )
						( 18, 1 )
						( 18, 5 )
						( 18, 3 )
( 18, 3 )
						( 18, 3 )
						( 18, 0 )
( 18, 0 )
						( 18, 0 )
						( 18, 3 )
						( 18, 5 )
						( 18, 3 )
						( 18, 3 )
						( 18, 8 )
( 18, 8 )
						( 18, 8 )
						( 18, 6 )
( 18, 6 )
						( 18, 6 )
						( 18, 4 )
( 18, 4 )
						( 18, 4 )
						( 18, 9 )
( 18, 9 )
						( 18, 9 )
						( 18, 5 )
( 18, 5 )
						( 18, 5 )
						( 18, 1 )
( 18, 1 )
						( 18, 1 )
						( 18, 0 )
( 18, 0 )
						( 18, 0 )
						( 18, 9 )
( 18, 9 )
						( 18, 9 )
						( 18, 8 )
( 18, 8 )
						( 18, 8 )
						( 18, 2 )
( 18, 2 )
						( 18, 2 )
						( 18, 6 )
( 18, 6 )
						( 18, 6 )
						( 18, 7 )
( 18, 7 )
						( 18, 7 )
						( 18, 9 )
( 18, 9 )
						( 18, 9 )
						( 18, 1 )
( 18, 1 )
						( 18, 1 )
						( 18, 8 )
( 18, 8 )
						( 18, 8 )
						( 18, 4 )
( 18, 4 )
						( 18, 4 )
						( 18, 5 )
( 18, 5 )
						( 18, 5 )
						( 18, 9 )
( 18, 9 )
						( 18, 9 )
						( 18, 5 )
						( 18, 6 )
( 18, 6 )
						( 18, 6 )
						( 18, 9 )
						( 18, 2 )
( 18, 2 )
						( 18, 2 )
						( 18, 9 )
						( 18, 1 )
( 18, 1 )
						( 18, 1 )
						( 18, 8 )
( 18, 8 )
						( 18, 8 )
						( 18, 2 )
( 18, 2 )
						( 18, 2 )
						( 18, 3 )
( 18, 3 )
						( 18, 3 )
						( 18, 1 )
( 18, 1 )
						( 18, 1 )
						( 18, 9 )
( 18, 9 )
						( 18, 9 )
						( 18, 9 )
						( 18, 6 )
( 18, 6 )
						( 18, 6 )
						( 18, 9 )
						( 18, 5 )
( 18, 5 )
						( 18, 5 )
						( 19, 3 )
( 19, 3 )
						( 19, 3 )
						( 19, 0 )
( 19, 0 )
						( 19, 0 )
						( 19, 5 )
( 19, 5 )
						( 19, 5 )
						( 19, 1 )
( 19, 1 )
						( 19, 1 )
						( 19, 4 )
( 19, 4 )
						( 19, 4 )
			( 19, 8 )
						( 20, 0 )
( 20, 0 )
						( 20, 0 )
						( 20, 0 )
						( 21, 1 )
( 21, 1 )
						( 21, 1 )
						( 21, 1 )
						( 21, 2 )
( 21, 2 )
						( 21, 2 )
						( 21, 3 )
( 21, 3 )
						( 21, 3 )
						( 21, 3 )
						( 21, 1 )
						( 21, 1 )
						( 21, 2 )
						( 21, 1 )
						( 21, 3 )
			( 21, 9 )
						( 22, 0 )
( 22, 0 )
						( 22, 0 )
						( 22, 0 )
						( 22, 0 )
						( 22, 0 )
						( 22, 0 )
						( 22, 0 )
						( 22, 0 )
						( 23, 2 )
( 23, 2 )
						( 23, 2 )
						( 23, 3 )
( 23, 3 )
						( 23, 3 )
						( 23, 3 )
						( 23, 1 )
( 23, 1 )
						( 23, 1 )
			( 23, 9 )
						( 24, 3 )
( 24, 3 )
						( 24, 3 )
						( 24, 3 )
						( 24, 1 )
( 24, 1 )
						( 24, 1 )
						( 24, 1 )
						( 24, 2 )
( 24, 2 )
						( 24, 2 )
						( 24, 1 )
						( 24, 3 )
						( 24, 0 )
( 24, 0 )
						( 24, 0 )
						( 24, 2 )
( 24, 2 )
						( 24, 2 )
						( 24, 1 )
( 24, 1 )
						( 24, 1 )
						( 24, 3 )
( 24, 3 )
						( 24, 3 )
						( 24, 3 )
			( 24, 9 )
						( 25, 0 )
( 25, 0 )
						( 25, 0 )
			( 25, 9 )
						( 26, 1 )
( 26, 1 )
						( 26, 1 )
			( 26, 5 )
						( 27, 5 )
( 27, 5 )
						( 27, 5 )
						( 27, 6 )
( 27, 6 )
						( 27, 6 )
						( 27, 5 )
						( 27, 7 )
( 27, 7 )
						( 27, 7 )
						( 27, 4 )
( 27, 4 )
						( 27, 4 )
						( 27, 6 )
( 27, 6 )
						( 27, 6 )
						( 27, 1 )
( 27, 1 )
						( 27, 1 )
						( 27, 3 )
( 27, 3 )
						( 27, 3 )
						( 27, 7 )
( 27, 7 )
						( 27, 7 )
						( 27, 7 )
						( 27, 4 )
( 27, 4 )
						( 27, 4 )
						( 27, 1 )
( 27, 1 )
						( 27, 1 )
						( 27, 3 )
( 27, 3 )
						( 27, 3 )
						( 27, 6 )
( 27, 6 )
						( 27, 6 )
						( 27, 0 )
( 27, 0 )
						( 27, 0 )
						( 27, 1 )
( 27, 1 )
						( 27, 1 )
						( 27, 7 )
( 27, 7 )
						( 27, 7 )
						( 27, 5 )
( 27, 5 )
						( 27, 5 )
						( 27, 5 )
						( 27, 7 )
						( 27, 6 )
( 27, 6 )
						( 27, 6 )
						( 27, 7 )
						( 27, 3 )
( 27, 3 )
						( 27, 3 )
						( 27, 3 )
						( 27, 3 )
						( 27, 4 )
( 27, 4 )
						( 27, 4 )
						( 27, 4 )
						( 27, 6 )
( 27, 6 )
						( 27, 6 )
						( 27, 7 )
( 27, 7 )
						( 27, 7 )
						( 27, 7 )
						( 27, 3 )
( 27, 3 )
						( 27, 3 )
						( 27, 4 )
( 27, 4 )
						( 27, 4 )
						( 27, 5 )
( 27, 5 )
						( 27, 5 )
						( 27, 0 )
( 27, 0 )
						( 27, 0 )
						( 27, 4 )
						( 27, 2 )
( 27, 2 )
						( 27, 2 )
						( 27, 6 )
( 27, 6 )
						( 27, 6 )
						( 27, 5 )
( 27, 5 )
						( 27, 5 )
						( 27, 5 )
						( 27, 6 )
						( 27, 4 )
( 27, 4 )
						( 27, 4 )
						( 27, 1 )
( 27, 1 )
						( 27, 1 )
						( 27, 7 )
( 27, 7 )
						( 27, 7 )
						( 27, 7 )
						( 27, 0 )
( 27, 0 )
						( 27, 0 )
						( 27, 7 )
						( 27, 0 )
						( 27, 7 )
						( 27, 5 )
( 27, 5 )
						( 27, 5 )
						( 27, 6 )
( 27, 6 )
						( 27, 6 )
						( 27, 6 )
						( 27, 3 )
( 27, 3 )
						( 27, 3 )
						( 27, 5 )
						( 27, 1 )
( 27, 1 )
						( 27, 1 )
						( 27, 7 )
( 27, 7 )
						( 27, 7 )
						( 27, 0 )
( 27, 0 )
						( 27, 0 )
						( 27, 5 )
( 27, 5 )
						( 27, 5 )
						( 27, 3 )
( 27, 3 )
						( 27, 3 )
						( 27, 6 )
( 27, 6 )
						( 27, 6 )
						( 27, 4 )
( 27, 4 )
						( 27, 4 )
						( 27, 3 )
						( 27, 1 )
( 27, 1 )
						( 27, 1 )
						( 27, 1 )
						( 27, 0 )
( 27, 0 )
						( 27, 0 )
						( 27, 2 )
( 27, 2 )
						( 27, 2 )
						( 27, 5 )
( 27, 5 )
						( 27, 5 )
						( 27, 2 )
						( 27, 0 )
						( 27, 2 )
						( 27, 7 )
( 27, 7 )
						( 27, 7 )
						( 27, 6 )
( 27, 6 )
						( 27, 6 )
						( 27, 6 )
						( 27, 1 )
( 27, 1 )
						( 27, 1 )
						( 27, 6 )
						( 27, 5 )
( 27, 5 )
						( 27, 5 )
						( 27, 1 )
						( 28, 4 )
( 28, 4 )
						( 28, 4 )
						( 28, 3 )
( 28, 3 )
						( 28, 3 )
						( 28, 1 )
( 28, 1 )
						( 28, 1 )
			( 28, 9 )
						( 29, 7 )
( 29, 7 )
						( 29, 7 )
						( 29, 9 )
( 29, 9 )
						( 29, 9 )
						( 29, 6 )
( 29, 6 )
						( 29, 6 )
						( 29, 2 )
( 29, 2 )
						( 29, 2 )
						( 29, 7 )
( 29, 7 )
						( 29, 7 )
						( 29, 5 )
( 29, 5 )
						( 29, 5 )
						( 29, 3 )
( 29, 3 )
						( 29, 3 )
						( 29, 9 )
( 29, 9 )
						( 29, 9 )
						( 29, 2 )
( 29, 2 )
						( 29, 2 )
						( 29, 1 )
( 29, 1 )
						( 29, 1 )
						( 29, 9 )
						( 29, 0 )
( 29, 0 )
						( 29, 0 )
						( 29, 8 )
( 29, 8 )
						( 29, 8 )
						( 29, 5 )
( 29, 5 )
						( 29, 5 )
						( 29, 1 )
( 29, 1 )
						( 29, 1 )
						( 29, 1 )
						( 29, 5 )
						( 29, 3 )
( 29, 3 )
						( 29, 3 )
						( 29, 8 )
( 29, 8 )
						( 29, 8 )
						( 29, 3 )
						( 29, 1 )
( 29, 1 )
						( 29, 1 )
						( 29, 3 )
						( 29, 3 )
						( 29, 8 )
						( 29, 6 )
( 29, 6 )
						( 29, 6 )
						( 29, 4 )
( 29, 4 )
						( 29, 4 )
						( 29, 9 )
( 29, 9 )
						( 29, 9 )
						( 30, 4 )
( 30, 4 )
						( 30, 4 )
						( 30, 1 )
( 30, 1 )
						( 30, 1 )
						( 30, 2 )
( 30, 2 )
						( 30, 2 )
						( 30, 2 )
						( 30, 0 )
( 30, 0 )
						( 30, 0 )
						( 30, 3 )
( 30, 3 )
						( 30, 3 )
						( 30, 0 )
						( 30, 2 )
						( 30, 1 )
( 30, 1 )
						( 30, 1 )
						( 30, 4 )
( 30, 4 )
						( 30, 4 )
			( 30, 9 )
						( 31, 4 )
( 31, 4 )
						( 31, 4 )
						( 31, 6 )
( 31, 6 )
						( 31, 6 )
			( 31, 9 )
						( 32, 2 )
( 32, 2 )
						( 32, 2 )
						( 32, 7 )
( 32, 7 )
						( 32, 7 )
						( 32, 5 )
( 32, 5 )
						( 32, 5 )
						( 32, 3 )
( 32, 3 )
						( 32, 3 )
						( 32, 5 )
						( 32, 2 )
( 32, 2 )
						( 32, 2 )
						( 32, 1 )
( 32, 1 )
						( 32, 1 )
						( 32, 9 )
( 32, 9 )
						( 32, 9 )
						( 32, 0 )
( 32, 0 )
						( 32, 0 )
						( 32, 8 )
( 32, 8 )
						( 32, 8 )
						( 32, 5 )
( 32, 5 )
						( 32, 5 )
						( 32, 7 )
( 32, 7 )
						( 32, 7 )
						( 32, 1 )
( 32, 1 )
						( 32, 1 )
						( 32, 5 )
						( 32, 3 )
( 32, 3 )
						( 32, 3 )
						( 32, 0 )
( 32, 0 )
						( 32, 0 )
						( 32, 3 )
						( 32, 5 )
						( 32, 3 )
						( 32, 3 )
						( 32, 8 )
( 32, 8 )
						( 32, 8 )
						( 32, 6 )
( 32, 6 )
						( 32, 6 )
						( 32, 4 )
( 32, 4 )
						( 32, 4 )
						( 32, 9 )
( 32, 9 )
						( 32, 9 )
						( 32, 5 )
( 32, 5 )
						( 32, 5 )
						( 32, 1 )
( 32, 1 )
						( 32, 1 )
						( 32, 0 )
( 32, 0 )
						( 32, 0 )
						( 32, 9 )
( 32, 9 )
						( 32, 9 )
						( 32, 8 )
( 32, 8 )
						( 32, 8 )
						( 32, 2 )
( 32, 2 )
						( 32, 2 )
						( 32, 6 )
( 32, 6 )
						( 32, 6 )
						( 32, 2 )
						( 32, 9 )
( 32, 9 )
						( 32, 9 )
						( 32, 1 )
( 32, 1 )
						( 32, 1 )
						( 32, 8 )
( 32, 8 )
						( 32, 8 )
						( 32, 4 )
( 32, 4 )
						( 32, 4 )
						( 32, 5 )
( 32, 5 )
						( 32, 5 )
						( 32, 9 )
( 32, 9 )
						( 32, 9 )
						( 32, 5 )
						( 32, 6 )
( 32, 6 )
						( 32, 6 )
						( 32, 9 )
						( 32, 2 )
( 32, 2 )
						( 32, 2 )
						( 32, 9 )
						( 32, 1 )
( 32, 1 )
						( 32, 1 )
						( 32, 8 )
( 32, 8 )
						( 32, 8 )
						( 32, 2 )
( 32, 2 )
						( 32, 2 )
						( 32, 3 )
( 32, 3 )
						( 32, 3 )
						( 32, 1 )
( 32, 1 )
						( 32, 1 )
						( 32, 9 )
( 32, 9 )
						( 32, 9 )
						( 32, 9 )
						( 32, 6 )
( 32, 6 )
						( 32, 6 )
						( 32, 9 )
						( 32, 5 )
( 32, 5 )
						( 32, 5 )
						( 32, 2 )
( 32, 2 )
						( 32, 2 )
						( 32, 0 )
( 32, 0 )
						( 32, 0 )
						( 32, 3 )
( 32, 3 )
						( 32, 3 )
						( 32, 5 )
( 32, 5 )
						( 32, 5 )
						( 32, 1 )
( 32, 1 )
						( 32, 1 )
						( 32, 2 )
( 32, 2 )
						( 32, 2 )
						( 32, 6 )
( 32, 6 )
						( 32, 6 )
						( 32, 5 )
( 32, 5 )
						( 32, 5 )
						( 32, 8 )
( 32, 8 )
						( 32, 8 )
						( 32, 8 )
						( 32, 6 )
						( 32, 1 )
( 32, 1 )
						( 32, 1 )
						( 32, 6 )
						( 32, 2 )
( 32, 2 )
						( 32, 2 )
						( 32, 4 )
( 32, 4 )
						( 32, 4 )
						( 32, 6 )
						( 32, 7 )
( 32, 7 )
						( 32, 7 )
						( 32, 5 )
( 32, 5 )
						( 32, 5 )
						( 32, 7 )
						( 32, 1 )
( 32, 1 )
						( 32, 1 )
						( 32, 4 )
( 32, 4 )
						( 32, 4 )
						( 32, 8 )
( 32, 8 )
						( 32, 8 )
						( 32, 9 )
( 32, 9 )
						( 32, 9 )
						( 32, 9 )
						( 32, 4 )
						( 32, 2 )
( 32, 2 )
						( 32, 2 )
						( 32, 8 )
( 32, 8 )
						( 32, 8 )
						( 32, 3 )
( 32, 3 )
						( 32, 3 )
						( 32, 9 )
( 32, 9 )
						( 32, 9 )
						( 32, 0 )
( 32, 0 )
						( 32, 0 )
						( 32, 0 )
						( 32, 5 )
( 32, 5 )
						( 32, 5 )
						( 32, 0 )
						( 32, 3 )
( 32, 3 )
						( 32, 3 )
						( 32, 1 )
( 32, 1 )
						( 32, 1 )
						( 33, 1 )
( 33, 1 )
						( 33, 1 )
						( 33, 0 )
( 33, 0 )
						( 33, 0 )
						( 33, 2 )
( 33, 2 )
						( 33, 2 )
						( 33, 4 )
( 33, 4 )
						( 33, 4 )
						( 33, 3 )
( 33, 3 )
						( 33, 3 )
						( 33, 5 )
( 33, 5 )
						( 33, 5 )
						( 33, 1 )
( 33, 1 )
						( 33, 1 )
						( 33, 5 )
			( 33, 8 )
						( 34, 1 )
( 34, 1 )
						( 34, 1 )
			( 34, 9 )
						( 35, 7 )
( 35, 7 )
						( 35, 7 )
						( 35, 7 )
			( 35, 9 )
						( 36, 5 )
( 36, 5 )
						( 36, 5 )
						( 36, 4 )
( 36, 4 )
						( 36, 4 )
						( 36, 1 )
( 36, 1 )
						( 36, 1 )
						( 36, 3 )
( 36, 3 )
						( 36, 3 )
						( 36, 2 )
( 36, 2 )
						( 36, 2 )
						( 36, 0 )
( 36, 0 )
						( 36, 0 )
						( 36, 3 )
						( 36, 5 )
( 36, 5 )
						( 36, 5 )
						( 36, 1 )
( 36, 1 )
						( 36, 1 )
						( 36, 1 )
						( 36, 3 )
			( 36, 8 )
						( 37, 0 )
( 37, 0 )
						( 37, 0 )
						( 37, 1 )
( 37, 1 )
						( 37, 1 )
						( 37, 3 )
( 37, 3 )
						( 37, 3 )
						( 37, 2 )
( 37, 2 )
						( 37, 2 )
						( 37, 0 )
( 37, 0 )
						( 37, 0 )
						( 37, 1 )
( 37, 1 )
						( 37, 1 )
						( 37, 3 )
( 37, 3 )
						( 37, 3 )
						( 37, 1 )
						( 37, 1 )
						( 37, 3 )
			( 37, 8 )
						( 38, 1 )
( 38, 1 )
						( 38, 1 )
						( 38, 3 )
( 38, 3 )
						( 38, 3 )
						( 38, 2 )
( 38, 2 )
						( 38, 2 )
						( 38, 0 )
( 38, 0 )
						( 38, 0 )
						( 38, 3 )
						( 38, 5 )
( 38, 5 )
						( 38, 5 )
						( 38, 1 )
( 38, 1 )
						( 38, 1 )
						( 38, 1 )
						( 38, 3 )
						( 38, 4 )
( 38, 4 )
						( 38, 4 )
			( 38, 9 )
						( 39, 0 )
( 39, 0 )
						( 39, 0 )
						( 39, 2 )
( 39, 2 )
						( 39, 2 )
						( 39, 0 )
						( 39, 0 )
						( 39, 2 )
						( 39, 1 )
( 39, 1 )
						( 39, 1 )
						( 39, 1 )
			( 39, 9 )
						( 40, 0 )
( 40, 0 )
						( 40, 0 )
						( 40, 0 )
						( 40, 1 )
( 40, 1 )
						( 40, 1 )
						( 40, 1 )
						( 40, 1 )
						( 40, 1 )
						( 40, 1 )
						( 40, 0 )
						( 40, 1 )
						( 40, 1 )
						( 40, 1 )
						( 41, 8 )
( 41, 8 )
						( 41, 8 )
						( 41, 5 )
( 41, 5 )
						( 41, 5 )
						( 41, 1 )
( 41, 1 )
						( 41, 1 )
						( 41, 1 )
						( 41, 5 )
						( 41, 3 )
( 41, 3 )
						( 41, 3 )
						( 41, 0 )
( 41, 0 )
						( 41, 0 )
						( 41, 3 )
						( 41, 5 )
						( 41, 3 )
						( 41, 3 )
						( 41, 8 )
( 41, 8 )
						( 41, 8 )
						( 41, 6 )
( 41, 6 )
						( 41, 6 )
						( 41, 4 )
( 41, 4 )
						( 41, 4 )
						( 41, 7 )
( 41, 7 )
						( 41, 7 )
						( 41, 5 )
( 41, 5 )
						( 41, 5 )
						( 41, 1 )
( 41, 1 )
						( 41, 1 )
						( 41, 0 )
( 41, 0 )
						( 41, 0 )
						( 41, 9 )
( 41, 9 )
						( 41, 9 )
						( 41, 8 )
( 41, 8 )
						( 41, 8 )
						( 41, 2 )
( 41, 2 )
						( 41, 2 )
						( 41, 6 )
( 41, 6 )
						( 41, 6 )
						( 41, 2 )
						( 41, 9 )
( 41, 9 )
						( 41, 9 )
						( 41, 1 )
( 41, 1 )
						( 41, 1 )
						( 41, 8 )
( 41, 8 )
						( 41, 8 )
						( 41, 4 )
( 41, 4 )
						( 41, 4 )
						( 41, 5 )
( 41, 5 )
						( 41, 5 )
						( 41, 9 )
( 41, 9 )
						( 41, 9 )
						( 41, 5 )
						( 41, 6 )
( 41, 6 )
						( 41, 6 )
						( 41, 9 )
						( 41, 2 )
( 41, 2 )
						( 41, 2 )
						( 41, 9 )
						( 41, 1 )
( 41, 1 )
						( 41, 1 )
						( 41, 8 )
( 41, 8 )
						( 41, 8 )
						( 41, 2 )
( 41, 2 )
						( 41, 2 )
						( 41, 3 )
( 41, 3 )
						( 41, 3 )
						( 41, 1 )
( 41, 1 )
						( 41, 1 )
						( 41, 9 )
( 41, 9 )
						( 41, 9 )
						( 41, 9 )
						( 41, 6 )
( 41, 6 )
						( 41, 6 )
						( 41, 9 )
						( 41, 5 )
( 41, 5 )
						( 41, 5 )
						( 41, 2 )
( 41, 2 )
						( 41, 2 )
						( 41, 0 )
( 41, 0 )
						( 41, 0 )
						( 41, 3 )
( 41, 3 )
						( 41, 3 )
						( 41, 5 )
( 41, 5 )
						( 41, 5 )
						( 41, 1 )
( 41, 1 )
						( 41, 1 )
						( 41, 2 )
( 41, 2 )
						( 41, 2 )
						( 41, 6 )
( 41, 6 )
						( 41, 6 )
						( 41, 5 )
( 41, 5 )
						( 41, 5 )
						( 41, 8 )
( 41, 8 )
						( 41, 8 )
						( 41, 8 )
						( 41, 6 )
						( 41, 1 )
( 41, 1 )
						( 41, 1 )
						( 41, 6 )
						( 41, 2 )
( 41, 2 )
						( 41, 2 )
						( 41, 9 )
( 41, 9 )
						( 41, 9 )
						( 41, 6 )
						( 41, 7 )
( 41, 7 )
						( 41, 7 )
						( 41, 5 )
( 41, 5 )
						( 41, 5 )
						( 41, 7 )
						( 41, 1 )
( 41, 1 )
						( 41, 1 )
						( 41, 4 )
( 41, 4 )
						( 41, 4 )
						( 41, 8 )
( 41, 8 )
						( 41, 8 )
						( 41, 9 )
( 41, 9 )
						( 41, 9 )
						( 41, 9 )
						( 41, 4 )
						( 41, 2 )
( 41, 2 )
						( 41, 2 )
						( 41, 4 )
						( 41, 3 )
( 41, 3 )
						( 41, 3 )
						( 41, 1 )
( 41, 1 )
						( 41, 1 )
						( 41, 0 )
( 41, 0 )
						( 41, 0 )
						( 41, 0 )
						( 41, 5 )
( 41, 5 )
						( 41, 5 )
						( 42, 0 )
( 42, 0 )
						( 42, 0 )
						( 42, 0 )
						( 42, 0 )
			( 42, 3 )
						( 43, 2 )
( 43, 2 )
						( 43, 2 )
						( 43, 1 )
( 43, 1 )
						( 43, 1 )
						( 43, 4 )
( 43, 4 )
						( 43, 4 )
						( 43, 0 )
( 43, 0 )
						( 43, 0 )
						( 43, 4 )
						( 43, 5 )
( 43, 5 )
						( 43, 5 )
						( 43, 7 )
( 43, 7 )
						( 43, 7 )
			( 43, 9 )
						( 44, 1 )
( 44, 1 )
						( 44, 1 )
						( 44, 1 )
						( 44, 3 )
( 44, 3 )
						( 44, 3 )
						( 44, 4 )
( 44, 4 )
						( 44, 4 )
						( 44, 5 )
( 44, 5 )
						( 44, 5 )
						( 44, 1 )
( 44, 1 )
						( 44, 1 )
						( 44, 1 )
						( 44, 5 )
						( 44, 0 )
( 44, 0 )
						( 44, 0 )
						( 44, 2 )
( 44, 2 )
						( 44, 2 )
						( 44, 2 )
						( 44, 3 )
( 44, 3 )
						( 44, 3 )
						( 44, 3 )
						( 44, 1 )
( 44, 1 )
						( 44, 1 )
						( 44, 2 )
						( 44, 1 )
						( 44, 4 )
( 44, 4 )
						( 44, 4 )
						( 44, 2 )
						( 44, 4 )
						( 44, 4 )
						( 44, 1 )
						( 44, 5 )
( 44, 5 )
						( 44, 5 )
						( 44, 4 )
						( 44, 0 )
( 44, 0 )
						( 44, 0 )
						( 44, 1 )
( 44, 1 )
						( 44, 1 )
						( 44, 5 )
( 44, 5 )
						( 44, 5 )
						( 44, 1 )
						( 44, 4 )
( 44, 4 )
						( 44, 4 )
						( 44, 3 )
( 44, 3 )
						( 44, 3 )
						( 44, 2 )
( 44, 2 )
						( 44, 2 )
						( 44, 1 )
( 44, 1 )
						( 44, 1 )
						( 44, 5 )
( 44, 5 )
						( 44, 5 )
			( 44, 7 )
						( 45, 1 )
( 45, 1 )
						( 45, 1 )
						( 45, 1 )
						( 45, 0 )
( 45, 0 )
						( 45, 0 )
						( 45, 1 )
			( 45, 9 )
						( 46, 1 )
( 46, 1 )
						( 46, 1 )
			( 46, 9 )
						( 47, 4 )
( 47, 4 )
						( 47, 4 )
						( 47, 5 )
( 47, 5 )
						( 47, 5 )
						( 47, 1 )
( 47, 1 )
						( 47, 1 )
						( 47, 1 )
						( 47, 5 )
						( 47, 0 )
( 47, 0 )
						( 47, 0 )
						( 47, 2 )
( 47, 2 )
						( 47, 2 )
			( 47, 9 )
						( 48, 3 )
( 48, 3 )
						( 48, 3 )
						( 48, 3 )
						( 48, 3 )
			( 48, 8 )
						( 49, 0 )
( 49, 0 )
						( 49, 0 )
						( 49, 0 )
						( 49, 0 )
						( 49, 0 )
						( 49, 0 )
						( 49, 0 )
						( 49, 0 )
						( 50, 3 )
( 50, 3 )
						( 50, 3 )
						( 50, 3 )
						( 50, 0 )
( 50, 0 )
						( 50, 0 )
						( 50, 0 )
						( 50, 2 )
( 50, 2 )
						( 50, 2 )
						( 50, 3 )
						( 50, 3 )
						( 50, 3 )
						( 50, 0 )
						( 50, 1 )
( 50, 1 )
						( 50, 1 )
						( 50, 0 )
						( 50, 0 )
			( 50, 9 )
						( 51, 5 )
( 51, 5 )
						( 51, 5 )
						( 51, 0 )
( 51, 0 )
						( 51, 0 )
						( 51, 2 )
( 51, 2 )
						( 51, 2 )
						( 51, 2 )
						( 51, 3 )
( 51, 3 )
						( 51, 3 )
						( 51, 3 )
						( 51, 1 )
( 51, 1 )
						( 51, 1 )
						( 51, 2 )
						( 51, 1 )
						( 51, 4 )
( 51, 4 )
						( 51, 4 )
						( 51, 2 )
			( 51, 8 )
						( 52, 0 )
( 52, 0 )
						( 52, 0 )
						( 52, 0 )
						( 52, 2 )
( 52, 2 )
						( 52, 2 )
						( 52, 3 )
( 52, 3 )
						( 52, 3 )
						( 52, 3 )
						( 52, 3 )
						( 52, 0 )
						( 52, 1 )
( 52, 1 )
						( 52, 1 )
						( 52, 0 )
						( 52, 0 )
						( 52, 2 )
( 52, 2 )
						( 52, 2 )
						( 52, 2 )
			( 52, 9 )
						( 53, 0 )
( 53, 0 )
						( 53, 0 )
						( 53, 2 )
( 53, 2 )
						( 53, 2 )
			( 53, 8 )
						( 54, 5 )
( 54, 5 )
						( 54, 5 )
						( 54, 0 )
( 54, 0 )
						( 54, 0 )
						( 54, 6 )
( 54, 6 )
						( 54, 6 )
						( 54, 7 )
( 54, 7 )
						( 54, 7 )
						( 54, 2 )
( 54, 2 )
						( 54, 2 )
						( 54, 4 )
( 54, 4 )
						( 54, 4 )
						( 54, 4 )
						( 54, 2 )
						( 54, 1 )
( 54, 1 )
						( 54, 1 )
						( 54, 1 )
						( 54, 7 )
( 54, 7 )
						( 54, 7 )
						( 54, 8 )
( 54, 8 )
						( 54, 8 )
						( 54, 4 )
( 54, 4 )
						( 54, 4 )
						( 54, 3 )
( 54, 3 )
						( 54, 3 )
						( 54, 7 )
( 54, 7 )
						( 54, 7 )
						( 54, 8 )
( 54, 8 )
						( 54, 8 )
						( 54, 7 )
						( 54, 1 )
( 54, 1 )
						( 54, 1 )
						( 54, 0 )
( 54, 0 )
						( 54, 0 )
						( 54, 5 )
( 54, 5 )
						( 54, 5 )
						( 54, 1 )
						( 54, 2 )
( 54, 2 )
						( 54, 2 )
						( 54, 1 )
						( 54, 1 )
						( 54, 4 )
( 54, 4 )
						( 54, 4 )
						( 54, 6 )
( 54, 6 )
						( 54, 6 )
						( 54, 6 )
						( 54, 7 )
( 54, 7 )
						( 54, 7 )
						( 54, 0 )
( 54, 0 )
						( 54, 0 )
						( 54, 7 )
						( 54, 6 )
						( 54, 3 )
( 54, 3 )
						( 54, 3 )
						( 54, 5 )
( 54, 5 )
						( 54, 5 )
						( 54, 2 )
( 54, 2 )
						( 54, 2 )
						( 54, 8 )
( 54, 8 )
						( 54, 8 )
						( 54, 8 )
						( 54, 6 )
( 54, 6 )
						( 54, 6 )
						( 54, 2 )
						( 54, 8 )
						( 54, 7 )
( 54, 7 )
						( 54, 7 )
						( 54, 3 )
( 54, 3 )
						( 54, 3 )
						( 54, 7 )
						( 54, 4 )
( 54, 4 )
						( 54, 4 )
						( 54, 7 )
						( 54, 8 )
( 54, 8 )
						( 54, 8 )
						( 54, 1 )
( 54, 1 )
						( 54, 1 )
						( 54, 7 )
						( 54, 6 )
( 54, 6 )
						( 54, 6 )
						( 54, 2 )
( 54, 2 )
						( 54, 2 )
						( 54, 5 )
( 54, 5 )
						( 54, 5 )
						( 54, 0 )
( 54, 0 )
						( 54, 0 )
						( 54, 3 )
( 54, 3 )
						( 54, 3 )
						( 54, 7 )
( 54, 7 )
						( 54, 7 )
						( 54, 1 )
( 54, 1 )
						( 54, 1 )
						( 54, 3 )
						( 54, 1 )
						( 54, 5 )
( 54, 5 )
						( 54, 5 )
						( 54, 0 )
( 54, 0 )
						( 54, 0 )
						( 54, 8 )
( 54, 8 )
						( 54, 8 )
						( 54, 4 )
( 54, 4 )
						( 54, 4 )
						( 54, 6 )
( 54, 6 )
						( 54, 6 )
						( 54, 3 )
( 54, 3 )
						( 54, 3 )
						( 54, 5 )
( 54, 5 )
						( 54, 5 )
						( 54, 2 )
( 54, 2 )
						( 54, 2 )
						( 54, 5 )
						( 54, 5 )
						( 54, 4 )
( 54, 4 )
						( 54, 4 )
						( 55, 5 )
( 55, 5 )
						( 55, 5 )
						( 55, 3 )
( 55, 3 )
						( 55, 3 )
						( 55, 1 )
( 55, 1 )
						( 55, 1 )
			( 55, 9 )
						( 56, 0 )
( 56, 0 )
						( 56, 0 )
						( 56, 1 )
( 56, 1 )
						( 56, 1 )
						( 56, 0 )
						( 56, 4 )
( 56, 4 )
						( 56, 4 )
						( 56, 3 )
( 56, 3 )
						( 56, 3 )
						( 56, 2 )
( 56, 2 )
						( 56, 2 )
			( 56, 8 )
						( 57, 1 )
( 57, 1 )
						( 57, 1 )
						( 57, 0 )
( 57, 0 )
						( 57, 0 )
						( 57, 9 )
( 57, 9 )
						( 57, 9 )
						( 57, 8 )
( 57, 8 )
						( 57, 8 )
						( 57, 2 )
( 57, 2 )
						( 57, 2 )
						( 57, 6 )
( 57, 6 )
						( 57, 6 )
						( 57, 2 )
						( 57, 9 )
( 57, 9 )
						( 57, 9 )
						( 57, 1 )
( 57, 1 )
						( 57, 1 )
						( 57, 8 )
( 57, 8 )
						( 57, 8 )
						( 57, 4 )
( 57, 4 )
						( 57, 4 )
						( 57, 5 )
( 57, 5 )
						( 57, 5 )
						( 57, 9 )
( 57, 9 )
						( 57, 9 )
						( 57, 5 )
						( 57, 6 )
( 57, 6 )
						( 57, 6 )
						( 57, 9 )
						( 57, 2 )
( 57, 2 )
						( 57, 2 )
						( 57, 9 )
						( 57, 1 )
( 57, 1 )
						( 57, 1 )
						( 57, 8 )
( 57, 8 )
						( 57, 8 )
						( 57, 2 )
( 57, 2 )
						( 57, 2 )
						( 57, 3 )
( 57, 3 )
						( 57, 3 )
						( 57, 1 )
( 57, 1 )
						( 57, 1 )
						( 57, 9 )
( 57, 9 )
						( 57, 9 )
						( 57, 9 )
						( 57, 6 )
( 57, 6 )
						( 57, 6 )
						( 57, 9 )
						( 57, 5 )
( 57, 5 )
						( 57, 5 )
						( 57, 2 )
( 57, 2 )
						( 57, 2 )
						( 57, 0 )
( 57, 0 )
						( 57, 0 )
						( 57, 3 )
( 57, 3 )
						( 57, 3 )
						( 57, 5 )
( 57, 5 )
						( 57, 5 )
						( 57, 1 )
( 57, 1 )
						( 57, 1 )
						( 57, 2 )
( 57, 2 )
						( 57, 2 )
						( 57, 6 )
( 57, 6 )
						( 57, 6 )
						( 57, 5 )
( 57, 5 )
						( 57, 5 )
						( 57, 8 )
( 57, 8 )
						( 57, 8 )
						( 57, 8 )
						( 57, 6 )
						( 57, 1 )
( 57, 1 )
						( 57, 1 )
						( 57, 6 )
						( 57, 2 )
( 57, 2 )
						( 57, 2 )
						( 57, 9 )
( 57, 9 )
						( 57, 9 )
						( 57, 6 )
						( 57, 7 )
( 57, 7 )
						( 57, 7 )
						( 57, 5 )
( 57, 5 )
						( 57, 5 )
						( 57, 7 )
						( 57, 1 )
( 57, 1 )
						( 57, 1 )
						( 57, 4 )
( 57, 4 )
						( 57, 4 )
						( 57, 8 )
( 57, 8 )
						( 57, 8 )
						( 57, 9 )
( 57, 9 )
						( 57, 9 )
						( 57, 4 )
						( 57, 4 )
						( 57, 2 )
( 57, 2 )
						( 57, 2 )
						( 57, 8 )
( 57, 8 )
						( 57, 8 )
						( 57, 3 )
( 57, 3 )
						( 57, 3 )
						( 57, 1 )
( 57, 1 )
						( 57, 1 )
						( 57, 0 )
( 57, 0 )
						( 57, 0 )
						( 57, 0 )
						( 57, 5 )
( 57, 5 )
						( 57, 5 )
						( 57, 0 )
						( 57, 3 )
( 57, 3 )
						( 57, 3 )
						( 57, 1 )
( 57, 1 )
						( 57, 1 )
						( 57, 3 )
						( 57, 6 )
( 57, 6 )
						( 57, 6 )
						( 57, 9 )
( 57, 9 )
						( 57, 9 )
						( 57, 8 )
( 57, 8 )
						( 57, 8 )
						( 57, 6 )
						( 57, 5 )
( 57, 5 )
						( 57, 5 )
						( 57, 6 )
						( 57, 0 )
( 57, 0 )
						( 57, 0 )
						( 57, 2 )
( 57, 2 )
						( 57, 2 )
						( 57, 8 )
( 57, 8 )
						( 57, 8 )
						( 57, 9 )
( 57, 9 )
						( 57, 9 )
						( 57, 0 )
( 57, 0 )
						( 57, 0 )
						( 57, 7 )
( 57, 7 )
						( 57, 7 )
						( 57, 6 )
( 57, 6 )
						( 57, 6 )
						( 57, 9 )
( 57, 9 )
						( 57, 9 )
						( 57, 9 )
						( 57, 2 )
( 57, 2 )
						( 57, 2 )
						( 58, 2 )
( 58, 2 )
						( 58, 2 )
						( 58, 1 )
( 58, 1 )
						( 58, 1 )
						( 58, 4 )
( 58, 4 )
						( 58, 4 )
						( 58, 2 )
						( 58, 4 )
						( 58, 4 )
						( 58, 1 )
						( 58, 5 )
( 58, 5 )
						( 58, 5 )
						( 58, 4 )
						( 58, 0 )
( 58, 0 )
						( 58, 0 )
						( 58, 1 )
( 58, 1 )
						( 58, 1 )
						( 58, 5 )
( 58, 5 )
						( 58, 5 )
						( 58, 1 )
			( 58, 9 )
						( 59, 1 )
( 59, 1 )
						( 59, 1 )
						( 59, 0 )
( 59, 0 )
						( 59, 0 )
						( 59, 0 )
						( 59, 0 )
						( 59, 0 )
						( 59, 1 )
						( 59, 1 )
						( 60, 0 )
( 60, 0 )
						( 60, 0 )
						( 60, 0 )
						( 60, 0 )
						( 60, 0 )
						( 60, 0 )
						( 60, 0 )
						( 61, 2 )
( 61, 2 )
						( 61, 2 )
						( 61, 6 )
( 61, 6 )
						( 61, 6 )
						( 61, 2 )
						( 61, 9 )
( 61, 9 )
						( 61, 9 )
						( 61, 1 )
( 61, 1 )
						( 61, 1 )
						( 61, 8 )
( 61, 8 )
						( 61, 8 )
						( 61, 4 )
( 61, 4 )
						( 61, 4 )
						( 61, 5 )
( 61, 5 )
						( 61, 5 )
						( 61, 9 )
( 61, 9 )
						( 61, 9 )
						( 61, 5 )
						( 61, 6 )
( 61, 6 )
						( 61, 6 )
						( 61, 9 )
						( 61, 2 )
( 61, 2 )
						( 61, 2 )
						( 61, 9 )
						( 61, 1 )
( 61, 1 )
						( 61, 1 )
						( 61, 8 )
( 61, 8 )
						( 61, 8 )
						( 61, 2 )
( 61, 2 )
						( 61, 2 )
						( 61, 3 )
( 61, 3 )
						( 61, 3 )
						( 61, 1 )
( 61, 1 )
						( 61, 1 )
						( 61, 9 )
( 61, 9 )
						( 61, 9 )
						( 61, 9 )
						( 61, 6 )
( 61, 6 )
						( 61, 6 )
						( 61, 9 )
						( 61, 5 )
( 61, 5 )
						( 61, 5 )
						( 62, 1 )
( 62, 1 )
						( 62, 1 )
						( 62, 1 )
						( 62, 1 )
						( 62, 8 )
( 62, 8 )
						( 62, 8 )
						( 62, 4 )
( 62, 4 )
						( 62, 4 )
						( 62, 3 )
( 62, 3 )
						( 62, 3 )
						( 62, 7 )
( 62, 7 )
						( 62, 7 )
						( 62, 8 )
( 62, 8 )
						( 62, 8 )
						( 62, 7 )
						( 62, 1 )
( 62, 1 )
						( 62, 1 )
						( 62, 0 )
( 62, 0 )
						( 62, 0 )
						( 62, 5 )
( 62, 5 )
						( 62, 5 )
						( 62, 1 )
						( 62, 2 )
( 62, 2 )
						( 62, 2 )
						( 62, 1 )
						( 62, 1 )
						( 62, 4 )
( 62, 4 )
						( 62, 4 )
						( 62, 6 )
( 62, 6 )
						( 62, 6 )
						( 62, 6 )
						( 62, 7 )
( 62, 7 )
						( 62, 7 )
						( 62, 0 )
( 62, 0 )
						( 62, 0 )
						( 62, 7 )
						( 62, 6 )
						( 62, 3 )
( 62, 3 )
						( 62, 3 )
						( 62, 5 )
( 62, 5 )
						( 62, 5 )
						( 62, 2 )
( 62, 2 )
						( 62, 2 )
						( 62, 8 )
( 62, 8 )
						( 62, 8 )
						( 62, 8 )
						( 62, 6 )
( 62, 6 )
						( 62, 6 )
						( 62, 2 )
						( 62, 8 )
						( 62, 7 )
( 62, 7 )
						( 62, 7 )
						( 62, 3 )
( 62, 3 )
						( 62, 3 )
						( 62, 7 )
						( 62, 4 )
( 62, 4 )
						( 62, 4 )
						( 62, 7 )
						( 62, 8 )
( 62, 8 )
						( 62, 8 )
						( 62, 1 )
( 62, 1 )
						( 62, 1 )
						( 62, 7 )
						( 62, 6 )
( 62, 6 )
						( 62, 6 )
						( 62, 2 )
( 62, 2 )
						( 62, 2 )
						( 62, 5 )
( 62, 5 )
						( 62, 5 )
						( 62, 0 )
( 62, 0 )
						( 62, 0 )
						( 62, 3 )
( 62, 3 )
						( 62, 3 )
						( 62, 7 )
( 62, 7 )
						( 62, 7 )
						( 62, 4 )
( 62, 4 )
						( 62, 4 )
						( 62, 3 )
						( 62, 1 )
( 62, 1 )
						( 62, 1 )
						( 62, 5 )
( 62, 5 )
						( 62, 5 )
						( 62, 0 )
( 62, 0 )
						( 62, 0 )
						( 62, 8 )
( 62, 8 )
						( 62, 8 )
						( 62, 4 )
( 62, 4 )
						( 62, 4 )
						( 62, 6 )
( 62, 6 )
						( 62, 6 )
						( 62, 3 )
( 62, 3 )
						( 62, 3 )
						( 62, 5 )
( 62, 5 )
						( 62, 5 )
						( 62, 2 )
( 62, 2 )
						( 62, 2 )
						( 62, 5 )
						( 62, 5 )
						( 62, 8 )
( 62, 8 )
						( 62, 8 )
			( 62, 9 )
						( 63, 1 )
( 63, 1 )
						( 63, 1 )
						( 63, 1 )
						( 63, 2 )
( 63, 2 )
						( 63, 2 )
						( 63, 1 )
						( 63, 0 )
( 63, 0 )
						( 63, 0 )
						( 63, 1 )
						( 63, 2 )
						( 63, 1 )
						( 63, 1 )
						( 63, 0 )
						( 63, 2 )
						( 63, 1 )
						( 63, 2 )
			( 63, 9 )
						( 64, 0 )
( 64, 0 )
						( 64, 0 )
						( 64, 3 )
( 64, 3 )
						( 64, 3 )
						( 64, 6 )
( 64, 6 )
						( 64, 6 )
						( 64, 4 )
( 64, 4 )
						( 64, 4 )
			( 64, 9 )
						( 65, 2 )
( 65, 2 )
						( 65, 2 )
						( 65, 1 )
( 65, 1 )
						( 65, 1 )
						( 65, 0 )
( 65, 0 )
						( 65, 0 )
						( 65, 1 )
						( 65, 2 )
						( 65, 1 )
						( 65, 1 )
						( 65, 0 )
						( 65, 2 )
						( 65, 1 )
						( 65, 2 )
						( 65, 1 )
						( 65, 1 )
						( 65, 1 )
						( 65, 0 )
						( 66, 8 )
( 66, 8 )
						( 66, 8 )
						( 66, 4 )
( 66, 4 )
						( 66, 4 )
						( 66, 5 )
( 66, 5 )
						( 66, 5 )
						( 66, 9 )
( 66, 9 )
						( 66, 9 )
						( 66, 9 )
						( 66, 6 )
( 66, 6 )
						( 66, 6 )
						( 66, 9 )
						( 66, 2 )
( 66, 2 )
						( 66, 2 )
						( 66, 9 )
						( 66, 1 )
( 66, 1 )
						( 66, 1 )
						( 66, 8 )
( 66, 8 )
						( 66, 8 )
						( 66, 2 )
( 66, 2 )
						( 66, 2 )
						( 66, 3 )
( 66, 3 )
						( 66, 3 )
						( 66, 1 )
( 66, 1 )
						( 66, 1 )
						( 66, 9 )
( 66, 9 )
						( 66, 9 )
						( 66, 9 )
						( 66, 6 )
( 66, 6 )
						( 66, 6 )
						( 66, 9 )
						( 66, 5 )
( 66, 5 )
						( 66, 5 )
						( 66, 2 )
( 66, 2 )
						( 66, 2 )
						( 66, 0 )
( 66, 0 )
						( 66, 0 )
						( 66, 3 )
( 66, 3 )
						( 66, 3 )
						( 66, 5 )
( 66, 5 )
						( 66, 5 )
						( 66, 1 )
( 66, 1 )
						( 66, 1 )
						( 66, 2 )
( 66, 2 )
						( 66, 2 )
						( 66, 6 )
( 66, 6 )
						( 66, 6 )
						( 66, 5 )
( 66, 5 )
						( 66, 5 )
						( 66, 8 )
( 66, 8 )
						( 66, 8 )
						( 67, 0 )
( 67, 0 )
						( 67, 0 )
						( 67, 1 )
( 67, 1 )
						( 67, 1 )
						( 67, 1 )
						( 67, 1 )
						( 67, 0 )
						( 67, 1 )
						( 67, 0 )
						( 67, 1 )
						( 67, 1 )
						( 67, 0 )
						( 67, 0 )
						( 67, 1 )
						( 67, 1 )
						( 68, 7 )
( 68, 7 )
						( 68, 7 )
						( 68, 8 )
( 68, 8 )
						( 68, 8 )
						( 68, 7 )
						( 68, 1 )
( 68, 1 )
						( 68, 1 )
						( 68, 0 )
( 68, 0 )
						( 68, 0 )
						( 68, 5 )
( 68, 5 )
						( 68, 5 )
						( 68, 1 )
						( 68, 2 )
( 68, 2 )
						( 68, 2 )
						( 68, 1 )
						( 68, 1 )
						( 68, 4 )
( 68, 4 )
						( 68, 4 )
						( 68, 6 )
( 68, 6 )
						( 68, 6 )
						( 68, 6 )
						( 68, 7 )
( 68, 7 )
						( 68, 7 )
						( 68, 0 )
( 68, 0 )
						( 68, 0 )
						( 68, 7 )
						( 68, 6 )
						( 68, 3 )
( 68, 3 )
						( 68, 3 )
						( 68, 5 )
( 68, 5 )
						( 68, 5 )
						( 68, 2 )
( 68, 2 )
						( 68, 2 )
						( 68, 8 )
( 68, 8 )
						( 68, 8 )
						( 68, 8 )
						( 68, 6 )
( 68, 6 )
						( 68, 6 )
						( 68, 2 )
						( 68, 8 )
						( 68, 7 )
( 68, 7 )
						( 68, 7 )
						( 68, 3 )
( 68, 3 )
						( 68, 3 )
						( 68, 7 )
						( 68, 4 )
( 68, 4 )
						( 68, 4 )
						( 68, 7 )
						( 68, 8 )
( 68, 8 )
						( 68, 8 )
						( 68, 1 )
( 68, 1 )
						( 68, 1 )
						( 68, 4 )
( 68, 4 )
						( 68, 4 )
						( 68, 6 )
( 68, 6 )
						( 68, 6 )
						( 68, 2 )
( 68, 2 )
						( 68, 2 )
						( 68, 5 )
( 68, 5 )
						( 68, 5 )
						( 68, 0 )
( 68, 0 )
						( 68, 0 )
						( 68, 3 )
( 68, 3 )
						( 68, 3 )
						( 68, 7 )
( 68, 7 )
						( 68, 7 )
						( 68, 1 )
( 68, 1 )
						( 68, 1 )
						( 68, 3 )
						( 68, 1 )
						( 68, 5 )
( 68, 5 )
						( 68, 5 )
						( 68, 0 )
( 68, 0 )
						( 68, 0 )
						( 68, 8 )
( 68, 8 )
						( 68, 8 )
						( 68, 4 )
( 68, 4 )
						( 68, 4 )
			( 68, 9 )
						( 69, 4 )
( 69, 4 )
						( 69, 4 )
						( 69, 0 )
( 69, 0 )
						( 69, 0 )
						( 69, 1 )
( 69, 1 )
						( 69, 1 )
						( 69, 4 )
						( 69, 2 )
( 69, 2 )
						( 69, 2 )
						( 69, 4 )
						( 69, 1 )
						( 69, 3 )
( 69, 3 )
						( 69, 3 )
						( 69, 2 )
( 69, 2 )
						( 69, 2 )
						( 69, 3 )
						( 69, 1 )
						( 69, 4 )
( 69, 4 )
						( 69, 4 )
						( 69, 4 )
						( 69, 1 )
						( 69, 4 )
						( 69, 0 )
( 69, 0 )
						( 69, 0 )
						( 69, 2 )
( 69, 2 )
						( 69, 2 )
						( 69, 0 )
						( 69, 3 )
( 69, 3 )
						( 69, 3 )
						( 69, 0 )
						( 69, 1 )
( 69, 1 )
						( 69, 1 )
						( 69, 2 )
( 69, 2 )
						( 69, 2 )
						( 69, 1 )
						( 69, 0 )
						( 69, 3 )
( 69, 3 )
						( 69, 3 )
						( 69, 3 )
						( 69, 1 )
						( 69, 1 )
						( 69, 1 )
			( 69, 7 )
						( 70, 1 )
( 70, 1 )
						( 70, 1 )
						( 70, 4 )
( 70, 4 )
						( 70, 4 )
						( 70, 3 )
( 70, 3 )
						( 70, 3 )
						( 70, 2 )
( 70, 2 )
						( 70, 2 )
						( 70, 1 )
( 70, 1 )
						( 70, 1 )
						( 70, 5 )
( 70, 5 )
						( 70, 5 )
						( 70, 4 )
( 70, 4 )
						( 70, 4 )
						( 70, 4 )
						( 70, 1 )
						( 70, 3 )
( 70, 3 )
						( 70, 3 )
						( 70, 3 )
						( 70, 1 )
						( 70, 0 )
( 70, 0 )
						( 70, 0 )
						( 70, 1 )
						( 70, 3 )
						( 70, 0 )
						( 70, 2 )
( 70, 2 )
						( 70, 2 )
						( 70, 5 )
( 70, 5 )
						( 70, 5 )
						( 70, 5 )
						( 70, 5 )
						( 70, 0 )
						( 70, 2 )
						( 70, 5 )
						( 70, 4 )
( 70, 4 )
						( 70, 4 )
						( 70, 0 )
( 70, 0 )
						( 70, 0 )
						( 70, 4 )
						( 70, 1 )
( 70, 1 )
						( 70, 1 )
						( 70, 4 )
						( 70, 2 )
( 70, 2 )
						( 70, 2 )
						( 70, 1 )
						( 71, 6 )
( 71, 6 )
						( 71, 6 )
						( 71, 9 )
( 71, 9 )
						( 71, 9 )
						( 71, 2 )
( 71, 2 )
						( 71, 2 )
						( 71, 9 )
						( 71, 1 )
( 71, 1 )
						( 71, 1 )
						( 71, 8 )
( 71, 8 )
						( 71, 8 )
						( 71, 2 )
( 71, 2 )
						( 71, 2 )
						( 71, 3 )
( 71, 3 )
						( 71, 3 )
						( 71, 1 )
( 71, 1 )
						( 71, 1 )
						( 71, 9 )
( 71, 9 )
						( 71, 9 )
						( 71, 9 )
						( 71, 6 )
( 71, 6 )
						( 71, 6 )
						( 71, 9 )
						( 71, 5 )
( 71, 5 )
						( 71, 5 )
						( 71, 2 )
( 71, 2 )
						( 71, 2 )
						( 71, 7 )
( 71, 7 )
						( 71, 7 )
						( 71, 3 )
( 71, 3 )
						( 71, 3 )
						( 71, 5 )
( 71, 5 )
						( 71, 5 )
						( 71, 1 )
( 71, 1 )
						( 71, 1 )
						( 71, 2 )
( 71, 2 )
						( 71, 2 )
						( 71, 6 )
( 71, 6 )
						( 71, 6 )
						( 71, 5 )
( 71, 5 )
						( 71, 5 )
						( 71, 8 )
( 71, 8 )
						( 71, 8 )
						( 71, 8 )
						( 71, 6 )
						( 71, 1 )
( 71, 1 )
						( 71, 1 )
						( 71, 6 )
						( 71, 2 )
( 71, 2 )
						( 71, 2 )
						( 71, 9 )
( 71, 9 )
						( 71, 9 )
						( 71, 6 )
						( 71, 7 )
( 71, 7 )
						( 71, 7 )
						( 71, 5 )
( 71, 5 )
						( 71, 5 )
						( 71, 7 )
						( 71, 1 )
( 71, 1 )
						( 71, 1 )
						( 71, 4 )
( 71, 4 )
						( 71, 4 )
						( 71, 8 )
( 71, 8 )
						( 71, 8 )
						( 71, 9 )
( 71, 9 )
						( 71, 9 )
						( 71, 9 )
						( 71, 4 )
						( 71, 2 )
( 71, 2 )
						( 71, 2 )
						( 71, 8 )
( 71, 8 )
						( 71, 8 )
						( 71, 3 )
( 71, 3 )
						( 71, 3 )
						( 71, 1 )
( 71, 1 )
						( 71, 1 )
						( 71, 0 )
( 71, 0 )
						( 71, 0 )
						( 71, 0 )
						( 72, 3 )
( 72, 3 )
						( 72, 3 )
						( 72, 2 )
( 72, 2 )
						( 72, 2 )
						( 72, 1 )
( 72, 1 )
						( 72, 1 )
						( 72, 5 )
( 72, 5 )
						( 72, 5 )
						( 72, 4 )
( 72, 4 )
						( 72, 4 )
						( 72, 4 )
						( 72, 1 )
						( 72, 3 )
( 72, 3 )
						( 72, 3 )
						( 72, 3 )
						( 72, 1 )
						( 72, 0 )
( 72, 0 )
						( 72, 0 )
			( 72, 9 )
						( 73, 3 )
( 73, 3 )
						( 73, 3 )
						( 73, 2 )
( 73, 2 )
						( 73, 2 )
						( 73, 4 )
( 73, 4 )
						( 73, 4 )
						( 73, 4 )
						( 73, 6 )
( 73, 6 )
						( 73, 6 )
						( 73, 0 )
( 73, 0 )
						( 73, 0 )
						( 73, 0 )
						( 73, 3 )
( 73, 3 )
						( 73, 3 )
			( 73, 7 )
						( 74, 9 )
( 74, 9 )
						( 74, 9 )
						( 74, 1 )
( 74, 1 )
						( 74, 1 )
						( 74, 8 )
( 74, 8 )
						( 74, 8 )
						( 74, 2 )
( 74, 2 )
						( 74, 2 )
						( 74, 3 )
( 74, 3 )
						( 74, 3 )
						( 74, 1 )
( 74, 1 )
						( 74, 1 )
						( 74, 9 )
( 74, 9 )
						( 74, 9 )
						( 74, 9 )
						( 74, 6 )
( 74, 6 )
						( 74, 6 )
						( 74, 9 )
						( 74, 5 )
( 74, 5 )
						( 74, 5 )
						( 74, 2 )
( 74, 2 )
						( 74, 2 )
						( 74, 0 )
( 74, 0 )
						( 74, 0 )
						( 74, 3 )
( 74, 3 )
						( 74, 3 )
						( 74, 5 )
( 74, 5 )
						( 74, 5 )
						( 74, 1 )
( 74, 1 )
						( 74, 1 )
						( 74, 2 )
( 74, 2 )
						( 74, 2 )
						( 74, 6 )
( 74, 6 )
						( 74, 6 )
						( 74, 5 )
( 74, 5 )
						( 74, 5 )
						( 74, 8 )
( 74, 8 )
						( 74, 8 )
						( 74, 8 )
						( 74, 6 )
						( 74, 1 )
( 74, 1 )
						( 74, 1 )
						( 74, 6 )
						( 74, 2 )
( 74, 2 )
						( 74, 2 )
						( 74, 9 )
( 74, 9 )
						( 74, 9 )
						( 74, 6 )
						( 74, 7 )
( 74, 7 )
						( 74, 7 )
						( 74, 5 )
( 74, 5 )
						( 74, 5 )
						( 74, 7 )
						( 74, 1 )
( 74, 1 )
						( 74, 1 )
						( 74, 4 )
( 74, 4 )
						( 74, 4 )
						( 74, 8 )
( 74, 8 )
						( 74, 8 )
						( 74, 9 )
( 74, 9 )
						( 74, 9 )
						( 74, 9 )
						( 74, 4 )
						( 74, 2 )
( 74, 2 )
						( 74, 2 )
						( 74, 8 )
( 74, 8 )
						( 74, 8 )
						( 74, 3 )
( 74, 3 )
						( 74, 3 )
						( 74, 1 )
( 74, 1 )
						( 74, 1 )
						( 74, 0 )
( 74, 0 )
						( 74, 0 )
						( 74, 0 )
						( 74, 5 )
( 74, 5 )
						( 74, 5 )
						( 74, 0 )
						( 74, 3 )
( 74, 3 )
						( 74, 3 )
						( 74, 1 )
( 74, 1 )
						( 74, 1 )
						( 74, 3 )
						( 74, 6 )
( 74, 6 )
						( 74, 6 )
						( 74, 7 )
( 74, 7 )
						( 74, 7 )
						( 74, 8 )
( 74, 8 )
						( 74, 8 )
						( 74, 6 )
						( 74, 5 )
( 74, 5 )
						( 74, 5 )
						( 74, 6 )
						( 74, 4 )
( 74, 4 )
						( 74, 4 )
						( 74, 2 )
( 74, 2 )
						( 74, 2 )
						( 74, 8 )
( 74, 8 )
						( 74, 8 )
						( 74, 9 )
( 74, 9 )
						( 74, 9 )
						( 74, 0 )
( 74, 0 )
						( 74, 0 )
						( 74, 7 )
( 74, 7 )
						( 74, 7 )
						( 74, 6 )
( 74, 6 )
						( 74, 6 )
						( 74, 9 )
( 74, 9 )
						( 74, 9 )
						( 75, 2 )
( 75, 2 )
						( 75, 2 )
						( 75, 1 )
( 75, 1 )
						( 75, 1 )
						( 75, 1 )
						( 75, 1 )
						( 75, 0 )
( 75, 0 )
						( 75, 0 )
						( 75, 0 )
						( 75, 1 )
						( 75, 0 )
						( 75, 1 )
						( 75, 0 )
						( 75, 0 )
						( 75, 2 )
						( 75, 2 )
						( 75, 2 )
						( 75, 2 )
						( 75, 0 )
						( 75, 2 )
						( 75, 2 )
						( 75, 1 )
						( 75, 0 )
						( 75, 1 )
						( 75, 1 )
						( 75, 1 )
						( 75, 2 )
						( 75, 1 )
						( 76, 8 )
( 76, 8 )
						( 76, 8 )
						( 76, 2 )
( 76, 2 )
						( 76, 2 )
						( 76, 3 )
( 76, 3 )
						( 76, 3 )
						( 76, 1 )
( 76, 1 )
						( 76, 1 )
						( 76, 9 )
( 76, 9 )
						( 76, 9 )
						( 76, 9 )
						( 76, 6 )
( 76, 6 )
						( 76, 6 )
						( 76, 9 )
						( 76, 5 )
( 76, 5 )
						( 76, 5 )
						( 76, 2 )
( 76, 2 )
						( 76, 2 )
						( 76, 0 )
( 76, 0 )
						( 76, 0 )
						( 76, 3 )
( 76, 3 )
						( 76, 3 )
						( 76, 5 )
( 76, 5 )
						( 76, 5 )
						( 76, 1 )
( 76, 1 )
						( 76, 1 )
						( 76, 2 )
( 76, 2 )
						( 76, 2 )
						( 76, 7 )
( 76, 7 )
						( 76, 7 )
						( 76, 5 )
( 76, 5 )
						( 76, 5 )
						( 76, 8 )
( 76, 8 )
						( 76, 8 )
						( 76, 8 )
						( 76, 6 )
( 76, 6 )
						( 76, 6 )
						( 76, 1 )
( 76, 1 )
						( 76, 1 )
						( 76, 6 )
						( 76, 2 )
( 76, 2 )
						( 76, 2 )
						( 76, 9 )
( 76, 9 )
						( 76, 9 )
						( 76, 6 )
						( 76, 7 )
( 76, 7 )
						( 76, 7 )
						( 76, 5 )
( 76, 5 )
						( 76, 5 )
						( 76, 7 )
						( 76, 1 )
( 76, 1 )
						( 76, 1 )
						( 76, 4 )
( 76, 4 )
						( 76, 4 )
						( 76, 8 )
( 76, 8 )
						( 76, 8 )
						( 76, 9 )
( 76, 9 )
						( 76, 9 )
						( 76, 9 )
						( 76, 4 )
						( 76, 2 )
( 76, 2 )
						( 76, 2 )
						( 76, 8 )
( 76, 8 )
						( 76, 8 )
						( 76, 3 )
( 76, 3 )
						( 76, 3 )
						( 76, 1 )
( 76, 1 )
						( 76, 1 )
						( 76, 0 )
( 76, 0 )
						( 76, 0 )
						( 76, 0 )
						( 77, 0 )
( 77, 0 )
						( 77, 0 )
						( 77, 1 )
( 77, 1 )
						( 77, 1 )
						( 77, 1 )
						( 77, 1 )
						( 77, 1 )
						( 77, 0 )
						( 77, 1 )
						( 77, 1 )
						( 77, 0 )
						( 77, 0 )
						( 78, 4 )
( 78, 4 )
						( 78, 4 )
						( 78, 6 )
( 78, 6 )
						( 78, 6 )
						( 78, 6 )
						( 78, 7 )
( 78, 7 )
						( 78, 7 )
						( 78, 0 )
( 78, 0 )
						( 78, 0 )
						( 78, 7 )
						( 78, 6 )
						( 78, 3 )
( 78, 3 )
						( 78, 3 )
						( 78, 5 )
( 78, 5 )
						( 78, 5 )
						( 78, 2 )
( 78, 2 )
						( 78, 2 )
						( 78, 8 )
( 78, 8 )
						( 78, 8 )
						( 78, 8 )
						( 78, 6 )
( 78, 6 )
						( 78, 6 )
						( 78, 2 )
						( 78, 8 )
						( 78, 7 )
( 78, 7 )
						( 78, 7 )
						( 78, 3 )
( 78, 3 )
						( 78, 3 )
						( 78, 7 )
						( 78, 4 )
( 78, 4 )
						( 78, 4 )
						( 78, 7 )
						( 78, 8 )
( 78, 8 )
						( 78, 8 )
						( 78, 1 )
( 78, 1 )
						( 78, 1 )
						( 78, 7 )
						( 78, 6 )
( 78, 6 )
						( 78, 6 )
						( 78, 2 )
( 78, 2 )
						( 78, 2 )
						( 78, 5 )
( 78, 5 )
						( 78, 5 )
						( 78, 0 )
( 78, 0 )
						( 78, 0 )
						( 78, 3 )
( 78, 3 )
						( 78, 3 )
						( 78, 7 )
( 78, 7 )
						( 78, 7 )
						( 78, 1 )
( 78, 1 )
						( 78, 1 )
						( 78, 3 )
						( 78, 1 )
						( 78, 5 )
( 78, 5 )
						( 78, 5 )
						( 78, 0 )
( 78, 0 )
						( 78, 0 )
						( 78, 8 )
( 78, 8 )
						( 78, 8 )
						( 78, 4 )
( 78, 4 )
						( 78, 4 )
						( 78, 4 )
						( 78, 3 )
( 78, 3 )
						( 78, 3 )
						( 78, 5 )
( 78, 5 )
						( 78, 5 )
						( 78, 2 )
( 78, 2 )
						( 78, 2 )
						( 78, 5 )
						( 78, 5 )
						( 78, 8 )
( 78, 8 )
						( 78, 8 )
						( 78, 3 )
( 78, 3 )
						( 78, 3 )
						( 78, 7 )
( 78, 7 )
						( 78, 7 )
						( 78, 7 )
						( 78, 8 )
						( 78, 1 )
( 78, 1 )
						( 78, 1 )
						( 78, 3 )
( 78, 3 )
						( 78, 3 )
						( 78, 2 )
( 78, 2 )
						( 78, 2 )
			( 78, 9 )
						( 79, 0 )
( 79, 0 )
						( 79, 0 )
						( 79, 0 )
						( 79, 1 )
( 79, 1 )
						( 79, 1 )
						( 79, 0 )
						( 79, 1 )
						( 79, 0 )
						( 79, 0 )
						( 79, 2 )
( 79, 2 )
						( 79, 2 )
						( 79, 2 )
						( 80, 1 )
( 80, 1 )
						( 80, 1 )
			( 80, 9 )
						( 81, 1 )
( 81, 1 )
						( 81, 1 )
						( 81, 0 )
( 81, 0 )
						( 81, 0 )
			( 81, 9 )
						( 82, 6 )
( 82, 6 )
						( 82, 6 )
						( 82, 9 )
( 82, 9 )
						( 82, 9 )
						( 82, 5 )
( 82, 5 )
						( 82, 5 )
						( 82, 2 )
( 82, 2 )
						( 82, 2 )
						( 82, 0 )
( 82, 0 )
						( 82, 0 )
						( 82, 3 )
( 82, 3 )
						( 82, 3 )
						( 82, 5 )
( 82, 5 )
						( 82, 5 )
						( 82, 1 )
( 82, 1 )
						( 82, 1 )
						( 82, 2 )
( 82, 2 )
						( 82, 2 )
						( 82, 6 )
( 82, 6 )
						( 82, 6 )
						( 82, 5 )
( 82, 5 )
						( 82, 5 )
						( 82, 8 )
( 82, 8 )
						( 82, 8 )
						( 82, 8 )
						( 82, 6 )
						( 82, 1 )
( 82, 1 )
						( 82, 1 )
						( 82, 6 )
						( 82, 2 )
( 82, 2 )
						( 82, 2 )
						( 82, 9 )
( 82, 9 )
						( 82, 9 )
						( 82, 6 )
						( 82, 7 )
( 82, 7 )
						( 82, 7 )
						( 82, 5 )
( 82, 5 )
						( 82, 5 )
						( 82, 7 )
						( 82, 1 )
( 82, 1 )
						( 82, 1 )
						( 82, 4 )
( 82, 4 )
						( 82, 4 )
						( 82, 8 )
( 82, 8 )
						( 82, 8 )
						( 82, 9 )
( 82, 9 )
						( 82, 9 )
						( 82, 9 )
						( 82, 4 )
						( 82, 2 )
( 82, 2 )
						( 82, 2 )
						( 82, 8 )
( 82, 8 )
						( 82, 8 )
						( 82, 3 )
( 82, 3 )
						( 82, 3 )
						( 82, 1 )
( 82, 1 )
						( 82, 1 )
						( 82, 0 )
( 82, 0 )
						( 82, 0 )
						( 82, 0 )
						( 82, 4 )
( 82, 4 )
						( 82, 4 )
						( 82, 0 )
						( 82, 3 )
( 82, 3 )
						( 82, 3 )
						( 82, 1 )
( 82, 1 )
						( 82, 1 )
						( 82, 3 )
						( 82, 6 )
( 82, 6 )
						( 82, 6 )
						( 82, 7 )
( 82, 7 )
						( 82, 7 )
						( 82, 8 )
( 82, 8 )
						( 82, 8 )
						( 82, 6 )
						( 82, 5 )
( 82, 5 )
						( 82, 5 )
						( 82, 6 )
						( 82, 0 )
( 82, 0 )
						( 82, 0 )
						( 82, 2 )
( 82, 2 )
						( 82, 2 )
						( 82, 8 )
( 82, 8 )
						( 82, 8 )
						( 82, 9 )
( 82, 9 )
						( 82, 9 )
						( 82, 0 )
( 82, 0 )
						( 82, 0 )
						( 82, 7 )
( 82, 7 )
						( 82, 7 )
						( 82, 6 )
( 82, 6 )
						( 82, 6 )
						( 82, 9 )
( 82, 9 )
						( 82, 9 )
						( 82, 9 )
						( 82, 2 )
( 82, 2 )
						( 82, 2 )
						( 82, 0 )
( 82, 0 )
						( 82, 0 )
						( 82, 0 )
						( 82, 1 )
( 82, 1 )
						( 82, 1 )
						( 82, 4 )
( 82, 4 )
						( 82, 4 )
						( 82, 3 )
( 82, 3 )
						( 82, 3 )
						( 82, 2 )
( 82, 2 )
						( 82, 2 )
						( 82, 7 )
( 82, 7 )
						( 82, 7 )
						( 82, 6 )
( 82, 6 )
						( 82, 6 )
						( 82, 2 )
						( 82, 7 )
						( 82, 3 )
( 82, 3 )
						( 82, 3 )
						( 82, 2 )
						( 82, 1 )
( 82, 1 )
						( 82, 1 )
						( 82, 2 )
						( 82, 6 )
( 82, 6 )
						( 82, 6 )
						( 82, 9 )
( 82, 9 )
						( 82, 9 )
						( 82, 9 )
						( 83, 9 )
( 83, 9 )
						( 83, 9 )
						( 83, 5 )
( 83, 5 )
						( 83, 5 )
						( 83, 2 )
( 83, 2 )
						( 83, 2 )
						( 83, 0 )
( 83, 0 )
						( 83, 0 )
						( 83, 3 )
( 83, 3 )
						( 83, 3 )
						( 83, 5 )
( 83, 5 )
						( 83, 5 )
						( 83, 1 )
( 83, 1 )
						( 83, 1 )
						( 83, 2 )
( 83, 2 )
						( 83, 2 )
						( 83, 6 )
( 83, 6 )
						( 83, 6 )
						( 83, 5 )
( 83, 5 )
						( 83, 5 )
						( 83, 8 )
( 83, 8 )
						( 83, 8 )
						( 83, 8 )
						( 83, 6 )
						( 83, 1 )
( 83, 1 )
						( 83, 1 )
						( 83, 6 )
						( 83, 2 )
( 83, 2 )
						( 83, 2 )
						( 83, 9 )
( 83, 9 )
						( 83, 9 )
						( 83, 6 )
						( 83, 7 )
( 83, 7 )
						( 83, 7 )
						( 83, 5 )
( 83, 5 )
						( 83, 5 )
						( 83, 7 )
						( 83, 1 )
( 83, 1 )
						( 83, 1 )
						( 83, 4 )
( 83, 4 )
						( 83, 4 )
						( 83, 8 )
( 83, 8 )
						( 83, 8 )
						( 83, 9 )
( 83, 9 )
						( 83, 9 )
						( 83, 9 )
						( 83, 4 )
						( 83, 2 )
( 83, 2 )
						( 83, 2 )
						( 83, 8 )
( 83, 8 )
						( 83, 8 )
						( 83, 3 )
( 83, 3 )
						( 83, 3 )
						( 83, 1 )
( 83, 1 )
						( 83, 1 )
						( 83, 0 )
( 83, 0 )
						( 83, 0 )
						( 83, 0 )
						( 83, 5 )
( 83, 5 )
						( 83, 5 )
						( 83, 0 )
						( 83, 3 )
( 83, 3 )
						( 83, 3 )
						( 83, 1 )
( 83, 1 )
						( 83, 1 )
						( 83, 3 )
						( 83, 6 )
( 83, 6 )
						( 83, 6 )
						( 83, 7 )
( 83, 7 )
						( 83, 7 )
						( 83, 8 )
( 83, 8 )
						( 83, 8 )
						( 83, 6 )
						( 83, 5 )
( 83, 5 )
						( 83, 5 )
						( 83, 6 )
						( 83, 0 )
( 83, 0 )
						( 83, 0 )
						( 83, 2 )
( 83, 2 )
						( 83, 2 )
						( 83, 8 )
( 83, 8 )
						( 83, 8 )
						( 83, 9 )
( 83, 9 )
						( 83, 9 )
						( 83, 0 )
( 83, 0 )
						( 83, 0 )
						( 83, 4 )
( 83, 4 )
						( 83, 4 )
						( 83, 6 )
( 83, 6 )
						( 83, 6 )
						( 83, 9 )
( 83, 9 )
						( 83, 9 )
						( 83, 9 )
						( 83, 2 )
( 83, 2 )
						( 83, 2 )
						( 83, 0 )
( 83, 0 )
						( 83, 0 )
						( 83, 0 )
						( 84, 1 )
( 84, 1 )
						( 84, 1 )
						( 84, 0 )
( 84, 0 )
						( 84, 0 )
						( 84, 1 )
						( 84, 3 )
( 84, 3 )
						( 84, 3 )
						( 84, 6 )
( 84, 6 )
						( 84, 6 )
						( 84, 4 )
( 84, 4 )
						( 84, 4 )
						( 84, 1 )
( 84, 1 )
						( 84, 1 )
						( 84, 2 )
( 84, 2 )
						( 84, 2 )
						( 84, 1 )
						( 84, 4 )
						( 84, 0 )
( 84, 0 )
						( 84, 0 )
			( 84, 7 )
						( 85, 2 )
( 85, 2 )
						( 85, 2 )
						( 85, 0 )
( 85, 0 )
						( 85, 0 )
						( 85, 3 )
( 85, 3 )
						( 85, 3 )
						( 85, 5 )
( 85, 5 )
						( 85, 5 )
						( 85, 1 )
( 85, 1 )
						( 85, 1 )
						( 85, 2 )
( 85, 2 )
						( 85, 2 )
						( 85, 6 )
( 85, 6 )
						( 85, 6 )
						( 85, 5 )
( 85, 5 )
						( 85, 5 )
						( 85, 8 )
( 85, 8 )
						( 85, 8 )
						( 85, 8 )
						( 85, 6 )
						( 85, 1 )
( 85, 1 )
						( 85, 1 )
						( 85, 6 )
						( 85, 2 )
( 85, 2 )
						( 85, 2 )
						( 85, 9 )
( 85, 9 )
						( 85, 9 )
						( 85, 6 )
						( 85, 7 )
( 85, 7 )
						( 85, 7 )
						( 85, 5 )
( 85, 5 )
						( 85, 5 )
						( 85, 7 )
						( 85, 1 )
( 85, 1 )
						( 85, 1 )
						( 85, 4 )
( 85, 4 )
						( 85, 4 )
						( 85, 8 )
( 85, 8 )
						( 85, 8 )
						( 85, 9 )
( 85, 9 )
						( 85, 9 )
						( 85, 9 )
						( 85, 4 )
						( 85, 2 )
( 85, 2 )
						( 85, 2 )
						( 85, 8 )
( 85, 8 )
						( 85, 8 )
						( 85, 3 )
( 85, 3 )
						( 85, 3 )
						( 85, 1 )
( 85, 1 )
						( 85, 1 )
						( 85, 0 )
( 85, 0 )
						( 85, 0 )
						( 85, 0 )
						( 85, 5 )
( 85, 5 )
						( 85, 5 )
						( 85, 0 )
						( 85, 3 )
( 85, 3 )
						( 85, 3 )
						( 85, 1 )
( 85, 1 )
						( 85, 1 )
						( 85, 3 )
						( 85, 6 )
( 85, 6 )
						( 85, 6 )
						( 85, 7 )
( 85, 7 )
						( 85, 7 )
						( 85, 8 )
( 85, 8 )
						( 85, 8 )
						( 85, 6 )
						( 85, 5 )
( 85, 5 )
						( 85, 5 )
						( 85, 6 )
						( 85, 0 )
( 85, 0 )
						( 85, 0 )
						( 85, 2 )
( 85, 2 )
						( 85, 2 )
						( 85, 8 )
( 85, 8 )
						( 85, 8 )
						( 85, 9 )
( 85, 9 )
						( 85, 9 )
						( 85, 0 )
( 85, 0 )
						( 85, 0 )
						( 85, 7 )
( 85, 7 )
						( 85, 7 )
						( 85, 6 )
( 85, 6 )
						( 85, 6 )
						( 85, 9 )
( 85, 9 )
						( 85, 9 )
						( 85, 4 )
( 85, 4 )
						( 85, 4 )
						( 85, 2 )
( 85, 2 )
						( 85, 2 )
						( 85, 0 )
( 85, 0 )
						( 85, 0 )
						( 86, 2 )
( 86, 2 )
						( 86, 2 )
						( 86, 5 )
( 86, 5 )
						( 86, 5 )
						( 86, 5 )
						( 86, 5 )
						( 86, 0 )
( 86, 0 )
						( 86, 0 )
						( 86, 2 )
						( 86, 5 )
						( 86, 4 )
( 86, 4 )
						( 86, 4 )
						( 86, 0 )
( 86, 0 )
						( 86, 0 )
						( 86, 4 )
						( 86, 1 )
( 86, 1 )
						( 86, 1 )
						( 86, 4 )
						( 86, 2 )
( 86, 2 )
						( 86, 2 )
						( 86, 1 )
						( 86, 4 )
						( 86, 3 )
( 86, 3 )
						( 86, 3 )
						( 86, 5 )
( 86, 5 )
						( 86, 5 )
						( 86, 5 )
						( 86, 3 )
			( 87, 9 )
						( 88, 0 )
( 88, 0 )
						( 88, 0 )
						( 88, 0 )
						( 88, 0 )
						( 88, 0 )
						( 89, 1 )
( 89, 1 )
						( 89, 1 )
						( 89, 0 )
( 89, 0 )
						( 89, 0 )
						( 89, 2 )
( 89, 2 )
						( 89, 2 )
						( 89, 1 )
						( 89, 2 )
						( 89, 0 )
						( 89, 2 )
						( 89, 3 )
( 89, 3 )
						( 89, 3 )
						( 89, 2 )
						( 89, 2 )
						( 89, 1 )
( 89, 1 )
						( 89, 1 )
			( 89, 7 )
						( 90, 0 )
( 90, 0 )
						( 90, 0 )
						( 90, 2 )
( 90, 2 )
						( 90, 2 )
						( 90, 5 )
( 90, 5 )
						( 90, 5 )
						( 90, 4 )
( 90, 4 )
						( 90, 4 )
						( 90, 0 )
( 90, 0 )
						( 90, 0 )
						( 90, 4 )
						( 90, 1 )
( 90, 1 )
						( 90, 1 )
						( 90, 4 )
						( 90, 2 )
( 90, 2 )
						( 90, 2 )
						( 90, 1 )
						( 90, 4 )
						( 90, 3 )
( 90, 3 )
						( 90, 3 )
						( 90, 5 )
( 90, 5 )
						( 90, 5 )
						( 90, 5 )
						( 90, 3 )
						( 90, 0 )
( 90, 0 )
						( 90, 0 )
						( 91, 0 )
( 91, 0 )
						( 91, 0 )
						( 91, 1 )
( 91, 1 )
						( 91, 1 )
						( 91, 0 )
						( 91, 0 )
						( 91, 0 )
						( 91, 1 )
						( 91, 0 )
						( 91, 0 )
						( 91, 1 )
						( 92, 2 )
( 92, 2 )
						( 92, 2 )
						( 92, 1 )
( 92, 1 )
						( 92, 1 )
						( 92, 0 )
( 92, 0 )
						( 92, 0 )
						( 92, 1 )
						( 92, 1 )
						( 92, 1 )
						( 92, 2 )
						( 93, 4 )
( 93, 4 )
						( 93, 4 )
						( 93, 0 )
( 93, 0 )
						( 93, 0 )
						( 93, 6 )
( 93, 6 )
						( 93, 6 )
						( 93, 5 )
( 93, 5 )
						( 93, 5 )
						( 93, 6 )
						( 93, 1 )
( 93, 1 )
						( 93, 1 )
						( 93, 1 )
						( 93, 4 )
( 93, 4 )
						( 93, 4 )
						( 93, 4 )
						( 93, 4 )
						( 93, 4 )
						( 93, 5 )
( 93, 5 )
						( 93, 5 )
						( 93, 6 )
( 93, 6 )
						( 93, 6 )
						( 93, 1 )
( 93, 1 )
						( 93, 1 )
						( 93, 2 )
( 93, 2 )
						( 93, 2 )
						( 93, 4 )
( 93, 4 )
						( 93, 4 )
						( 93, 0 )
( 93, 0 )
						( 93, 0 )
						( 93, 0 )
						( 93, 0 )
						( 94, 0 )
( 94, 0 )
						( 94, 0 )
						( 94, 4 )
( 94, 4 )
						( 94, 4 )
						( 94, 1 )
( 94, 1 )
						( 94, 1 )
						( 94, 4 )
						( 94, 2 )
( 94, 2 )
						( 94, 2 )
						( 94, 1 )
						( 94, 4 )
						( 94, 3 )
( 94, 3 )
						( 94, 3 )
						( 94, 5 )
( 94, 5 )
						( 94, 5 )
						( 94, 5 )
						( 94, 3 )
						( 94, 0 )
( 94, 0 )
						( 94, 0 )
						( 94, 4 )
( 94, 4 )
						( 94, 4 )
						( 94, 1 )
( 94, 1 )
						( 94, 1 )
						( 94, 3 )
( 94, 3 )
						( 94, 3 )
						( 94, 4 )
						( 95, 7 )
( 95, 7 )
						( 95, 7 )
						( 95, 4 )
( 95, 4 )
						( 95, 4 )
						( 95, 7 )
						( 95, 8 )
( 95, 8 )
						( 95, 8 )
						( 95, 1 )
( 95, 1 )
						( 95, 1 )
						( 95, 7 )
						( 95, 6 )
( 95, 6 )
						( 95, 6 )
						( 95, 2 )
( 95, 2 )
						( 95, 2 )
						( 95, 5 )
( 95, 5 )
						( 95, 5 )
						( 95, 0 )
( 95, 0 )
						( 95, 0 )
						( 95, 3 )
( 95, 3 )
						( 95, 3 )
						( 95, 7 )
( 95, 7 )
						( 95, 7 )
						( 95, 7 )
						( 95, 3 )
						( 95, 1 )
( 95, 1 )
						( 95, 1 )
						( 95, 5 )
( 95, 5 )
						( 95, 5 )
						( 95, 0 )
( 95, 0 )
						( 95, 0 )
						( 95, 8 )
( 95, 8 )
						( 95, 8 )
						( 95, 4 )
( 95, 4 )
						( 95, 4 )
						( 95, 6 )
( 95, 6 )
						( 95, 6 )
						( 95, 3 )
( 95, 3 )
						( 95, 3 )
						( 95, 5 )
( 95, 5 )
						( 95, 5 )
						( 95, 2 )
( 95, 2 )
						( 95, 2 )
						( 95, 5 )
						( 96, 4 )
( 96, 4 )
						( 96, 4 )
						( 96, 7 )
( 96, 7 )
						( 96, 7 )
						( 96, 8 )
( 96, 8 )
						( 96, 8 )
						( 96, 1 )
( 96, 1 )
						( 96, 1 )
						( 96, 7 )
						( 96, 6 )
( 96, 6 )
						( 96, 6 )
						( 96, 2 )
( 96, 2 )
						( 96, 2 )
						( 96, 5 )
( 96, 5 )
						( 96, 5 )
						( 96, 0 )
( 96, 0 )
						( 96, 0 )
						( 96, 3 )
( 96, 3 )
						( 96, 3 )
						( 96, 7 )
( 96, 7 )
						( 96, 7 )
						( 96, 1 )
( 96, 1 )
						( 96, 1 )
						( 96, 3 )
						( 96, 1 )
						( 96, 5 )
( 96, 5 )
						( 96, 5 )
						( 96, 0 )
( 96, 0 )
						( 96, 0 )
						( 96, 8 )
( 96, 8 )
						( 96, 8 )
						( 96, 4 )
( 96, 4 )
						( 96, 4 )
						( 96, 6 )
( 96, 6 )
						( 96, 6 )
						( 96, 3 )
( 96, 3 )
						( 96, 3 )
						( 96, 5 )
( 96, 5 )
						( 96, 5 )
						( 96, 2 )
( 96, 2 )
						( 96, 2 )
						( 96, 5 )
						( 96, 5 )
						( 96, 8 )
( 96, 8 )
						( 96, 8 )
						( 96, 3 )
( 96, 3 )
						( 96, 3 )
						( 96, 7 )
( 96, 7 )
						( 96, 7 )
						( 96, 7 )
						( 96, 8 )
						( 96, 1 )
( 96, 1 )
						( 96, 1 )
						( 96, 3 )
( 96, 3 )
						( 96, 3 )
						( 96, 2 )
( 96, 2 )
						( 96, 2 )
						( 96, 4 )
( 96, 4 )
						( 96, 4 )
						( 96, 2 )
						( 96, 3 )
						( 96, 5 )
( 96, 5 )
						( 96, 5 )
						( 96, 6 )
( 96, 6 )
						( 96, 6 )
						( 96, 3 )
						( 96, 8 )
( 96, 8 )
						( 96, 8 )
						( 96, 7 )
( 96, 7 )
						( 96, 7 )
						( 96, 4 )
( 96, 4 )
						( 96, 4 )
						( 96, 5 )
( 96, 5 )
						( 96, 5 )
						( 96, 6 )
( 96, 6 )
						( 96, 6 )
						( 96, 7 )
( 96, 7 )
						( 96, 7 )
						( 96, 6 )
						( 96, 3 )
( 96, 3 )
						( 96, 3 )
			( 96, 9 )
						( 97, 6 )
( 97, 6 )
						( 97, 6 )
						( 97, 1 )
( 97, 1 )
						( 97, 1 )
						( 97, 1 )
						( 97, 4 )
( 97, 4 )
						( 97, 4 )
						( 97, 4 )
						( 97, 4 )
						( 97, 4 )
						( 97, 5 )
( 97, 5 )
						( 97, 5 )
						( 97, 6 )
( 97, 6 )
						( 97, 6 )
						( 97, 1 )
( 97, 1 )
						( 97, 1 )
						( 97, 2 )
( 97, 2 )
						( 97, 2 )
						( 97, 4 )
( 97, 4 )
						( 97, 4 )
						( 97, 0 )
( 97, 0 )
						( 97, 0 )
						( 97, 0 )
						( 97, 0 )
						( 97, 0 )
						( 97, 4 )
						( 97, 4 )
						( 97, 6 )
( 97, 6 )
						( 97, 6 )
						( 97, 2 )
( 97, 2 )
						( 97, 2 )
						( 97, 5 )
( 97, 5 )
						( 97, 5 )
						( 97, 2 )
						( 97, 2 )
						( 97, 0 )
( 97, 0 )
						( 97, 0 )
						( 97, 4 )
( 97, 4 )
						( 97, 4 )
						( 97, 4 )
						( 97, 1 )
( 97, 1 )
						( 97, 1 )
						( 97, 6 )
( 97, 6 )
						( 97, 6 )
						( 97, 4 )
						( 97, 5 )
( 97, 5 )
						( 97, 5 )
						( 97, 3 )
( 97, 3 )
						( 97, 3 )
						( 97, 4 )
						( 97, 6 )
( 97, 6 )
						( 97, 6 )
						( 97, 4 )
						( 97, 6 )
						( 97, 1 )
( 97, 1 )
						( 97, 1 )
						( 97, 6 )
						( 97, 1 )
						( 97, 0 )
( 97, 0 )
						( 97, 0 )
						( 97, 3 )
( 97, 3 )
						( 97, 3 )
						( 97, 1 )
						( 97, 0 )
						( 98, 0 )
( 98, 0 )
						( 98, 0 )
						( 98, 1 )
( 98, 1 )
						( 98, 1 )
						( 98, 0 )
						( 98, 1 )
						( 98, 1 )
						( 98, 1 )
						( 98, 1 )
						( 98, 0 )
						( 99, 1 )
( 99, 1 )
						( 99, 1 )
						( 99, 4 )
( 99, 4 )
						( 99, 4 )
						( 99, 4 )
						( 99, 4 )
						( 99, 4 )
						( 99, 5 )
( 99, 5 )
						( 99, 5 )
						( 99, 6 )
( 99, 6 )
						( 99, 6 )
						( 99, 1 )
( 99, 1 )
						( 99, 1 )
						( 99, 2 )
( 99, 2 )
						( 99, 2 )
						( 99, 4 )
( 99, 4 )
						( 99, 4 )
						( 99, 0 )
( 99, 0 )
						( 99, 0 )
						( 99, 0 )
						( 99, 0 )
						( 99, 0 )
						( 99, 4 )
						( 99, 4 )
						( 99, 6 )
( 99, 6 )
						( 99, 6 )
						( 99, 2 )
( 99, 2 )
						( 99, 2 )
						( 99, 5 )
( 99, 5 )
						( 99, 5 )
						( 99, 2 )
						( 99, 2 )
						( 99, 0 )
( 99, 0 )
						( 99, 0 )
						( 99, 4 )
( 99, 4 )
						( 99, 4 )
						( 99, 4 )
						( 99, 1 )
( 99, 1 )
						( 99, 1 )
						( 99, 6 )
( 99, 6 )
						( 99, 6 )
						( 99, 4 )
						( 99, 5 )
( 99, 5 )
						( 99, 5 )
						( 99, 3 )
( 99, 3 )
						( 99, 3 )
						( 99, 4 )
						( 99, 6 )
( 99, 6 )
						( 99, 6 )
						( 99, 4 )
						( 99, 6 )
						( 99, 1 )
( 99, 1 )
						( 99, 1 )
						( 99, 6 )
						( 99, 1 )
			( 99, 9 )
